   2.3507213e-03  -5.7750029e-03
   3.6406366e-03  -5.0065513e-03
   1.8985040e-03   6.9559373e-03
   9.9225354e-03  -3.9153451e-03
  -7.2009615e-03   2.1156483e-03
   8.5873160e-03   3.1204294e-04
  -1.1734986e-02  -4.2629699e-03
  -3.9686427e-03   4.6880205e-03
  -1.0486232e-02  -3.3884919e-03
  -4.1804161e-03  -5.1287082e-03
  -9.1201199e-01  -6.1513001e-03
  -9.2642742e-01  -6.3641600e-03
  -9.2142801e-01   4.7413245e-02
  -9.1789216e-01   1.1596556e-01
  -9.2314483e-01   2.0930093e-01
  -9.3278434e-01   3.2477926e-01
  -9.1118883e-01   4.4389696e-01
  -9.2943794e-01   5.5725865e-01
  -9.1145966e-01   6.7973559e-01
  -9.1575770e-01   7.9522305e-01
  -9.2337176e-01   8.9411230e-01
  -9.2654973e-01   1.0002748e+00
  -9.2012649e-01   1.1120884e+00
  -9.2821156e-01   1.2034174e+00
  -9.1879559e-01   1.2828038e+00
  -9.3099990e-01   1.3737201e+00
  -9.2690219e-01   1.4464482e+00
  -9.1624816e-01   1.5188948e+00
  -9.2603603e-01   1.5826291e+00
  -9.1383532e-01   1.6276899e+00
  -9.1270381e-01   1.6865303e+00
  -9.1050847e-01   1.7296231e+00
  -9.1706013e-01   1.7801120e+00
  -9.3010370e-01   1.8240449e+00
  -9.2879391e-01   1.8566805e+00
  -9.1103224e-01   1.8889268e+00
  -9.2024222e-01   1.9167439e+00
  -9.2965204e-01   1.9409359e+00
  -9.2528603e-01   1.9765913e+00
  -9.3147868e-01   1.9906843e+00
  -9.2719854e-01   2.0139335e+00
  -9.3213442e-01   2.0268205e+00
  -9.2449233e-01   2.0416538e+00
  -9.1829409e-01   2.0624884e+00
  -9.2646878e-01   2.0756154e+00
  -9.2623917e-01   2.0875176e+00
  -9.2900286e-01   2.0933221e+00
  -9.1451868e-01   2.1063468e+00
  -9.3181975e-01   2.1130376e+00
  -9.2790223e-01   2.1195830e+00
  -9.2421738e-01   2.1319137e+00
  -9.1935058e-01   2.1431239e+00
  -9.3008570e-01   2.1487668e+00
  -9.1026626e-01   2.1515212e+00
  -9.2916135e-01   2.1563586e+00
  -9.1189581e-01   2.1516870e+00
  -9.2888196e-01   2.1567561e+00
  -9.1961471e-01   2.1619632e+00
  -9.3192687e-01   2.1629240e+00
  -9.2062636e-01   2.1745635e+00
  -9.1909271e-01   2.1709364e+00
  -9.2334012e-01   2.1771667e+00
  -9.0962710e-01   2.1822191e+00
  -9.1507895e-01   2.1747740e+00
  -9.0921559e-01   2.1800240e+00
  -9.2946029e-01   2.1847320e+00
  -9.1842818e-01   2.1870781e+00
  -9.1058918e-01   2.1882607e+00
  -9.2800428e-01   2.1907650e+00
  -9.1910716e-01   2.1890940e+00
  -9.2000943e-01   2.1893622e+00
  -9.2532753e-01   2.1866960e+00
  -9.2045278e-01   2.1913590e+00
  -9.2066689e-01   2.1940458e+00
  -9.1535533e-01   2.1853382e+00
  -9.2086686e-01   2.1953806e+00
  -9.3120724e-01   2.1852984e+00
  -9.1254440e-01   2.1980892e+00
  -9.1216213e-01   2.1903691e+00
   1.8504818e-01   2.1961695e+00
   1.8399802e-01   2.1934812e+00
   1.8277346e-01   2.1478987e+00
   1.8993707e-01   2.0767177e+00
   1.8643506e-01   1.9877345e+00
   1.7957389e-01   1.8847652e+00
   1.8022537e-01   1.7747858e+00
   1.6646414e-01   1.6653972e+00
   1.9011469e-01   1.5461088e+00
   1.7471668e-01   1.4405299e+00
   1.7795929e-01   1.3237934e+00
   1.7183717e-01   1.2340127e+00
   1.7088126e-01   1.1360079e+00
   1.8935033e-01   1.0438447e+00
   1.8892825e-01   9.5821433e-01
   1.8539481e-01   8.7412771e-01
   1.8977703e-01   8.0889257e-01
   1.8766173e-01   7.4514579e-01
   1.7454002e-01   6.7642941e-01
   1.7315957e-01   6.2186626e-01
   1.7701159e-01   5.7695787e-01
   1.7098392e-01   5.2774455e-01
   1.8815719e-01   4.9120868e-01
   1.7528876e-01   4.4324250e-01
   1.8336855e-01   4.1766888e-01
   1.6639654e-01   3.7706169e-01
   1.6808260e-01   3.5168638e-01
   1.7916731e-01   3.3050588e-01
   1.7568499e-01   3.0354909e-01
   1.7788737e-01   2.8315055e-01
   1.6689624e-01   2.5999302e-01
   1.7447291e-01   2.3846989e-01
   1.6697337e-01   2.2735105e-01
   1.6859132e-01   2.1083357e-01
   1.7861221e-01   2.0145065e-01
   1.7146506e-01   1.9614345e-01
   1.8763141e-01   1.8413288e-01
   1.7406072e-01   1.6465464e-01
   1.8602349e-01   1.6833223e-01
   1.7223618e-01   1.5845875e-01
   1.8740176e-01   1.4866601e-01
   1.8069225e-01   1.3558931e-01
   1.8865583e-01   1.4210070e-01
   1.8479211e-01   1.3750881e-01
   1.8157881e-01   1.2005477e-01
   1.8111410e-01   1.1919334e-01
   1.8518219e-01   1.2236953e-01
   1.8851956e-01   1.1785225e-01
   1.8097107e-01   1.1058874e-01
   1.8432442e-01   1.0540080e-01
   1.6998065e-01   1.0030513e-01
   1.8944754e-01   1.0249873e-01
   1.8133931e-01   9.7616836e-02
   1.8503315e-01   1.0646144e-01
   1.6768115e-01   9.5335716e-02
   1.7495262e-01   1.0006134e-01
   1.8856440e-01   9.8400130e-02
   1.8611944e-01   8.8712853e-02
   1.7469356e-01   9.5073614e-02
   1.7636845e-01   8.8992432e-02
   1.7682011e-01   8.7942673e-02
   1.7593283e-01   8.9576060e-02
   1.7087912e-01   8.6125998e-02
   1.7990783e-01   8.7784428e-02
   1.6894912e-01   8.9239127e-02
   1.6730761e-01   8.7499960e-02
   1.6969025e-01   8.5728164e-02
   1.6935495e-01   9.4966853e-02
   1.7218836e-01   9.1062017e-02
  -8.2628982e-01   9.5000748e-02
  -8.2130578e-01   9.4811735e-02
  -8.2598397e-01   1.1733962e-01
  -8.1445711e-01   1.6920437e-01
  -8.1395227e-01   2.3151730e-01
  -8.1208993e-01   2.9119645e-01
  -8.3467674e-01   3.6633060e-01
  -8.1247294e-01   4.4901082e-01
  -8.1241194e-01   5.2696364e-01
  -8.2323958e-01   6.0272312e-01
  -8.2523650e-01   6.7070353e-01
  -8.3393075e-01   7.4080342e-01
  -8.1727502e-01   8.0407197e-01
  -8.2377937e-01   8.6858607e-01
  -8.3457073e-01   9.1837650e-01
  -8.1625824e-01   9.7315144e-01
  -8.2530784e-01   1.0289343e+00
  -8.1451070e-01   1.0745239e+00
  -8.2976210e-01   1.1089703e+00
  -8.2254362e-01   1.1500400e+00
  -8.2248367e-01   1.1765206e+00
  -8.3107750e-01   1.2077957e+00
  -8.3188514e-01   1.2394173e+00
  -8.3227438e-01   1.2746269e+00
  -8.1402925e-01   1.2989481e+00
  -8.3352999e-01   1.3113942e+00
  -8.1823581e-01   1.3374213e+00
  -8.3360431e-01   1.3464139e+00
  -8.2347847e-01   1.3717805e+00
  -8.1382344e-01   1.3778244e+00
  -8.2986478e-01   1.3912046e+00
  -8.1437497e-01   1.4013412e+00
  -8.2877393e-01   1.4104932e+00
  -8.2266148e-01   1.4230969e+00
  -8.3087841e-01   1.4382919e+00
  -8.1381204e-01   1.4389385e+00
  -8.3471104e-01   1.4447117e+00
  -8.1345333e-01   1.4598764e+00
  -8.2499962e-01   1.4557483e+00
  -8.1678718e-01   1.4709846e+00
  -8.2259362e-01   1.4756177e+00
  -8.2514042e-01   1.4788478e+00
  -8.2651399e-01   1.4791860e+00
  -8.3228706e-01   1.4850889e+00
  -8.2564019e-01   1.4852488e+00
  -8.1681326e-01   1.4899515e+00
  -8.1646878e-01   1.4983554e+00
  -8.1933619e-01   1.4936772e+00
  -8.1162409e-01   1.5018226e+00
  -8.1919942e-01   1.4934203e+00
  -8.1711558e-01   1.5033504e+00
  -8.3496539e-01   1.4979720e+00
  -8.3339987e-01   1.5040524e+00
  -8.2358001e-01   1.5044955e+00
  -8.2996474e-01   1.5024120e+00
  -8.3365872e-01   1.5024131e+00
  -8.1500330e-01   1.5046989e+00
  -8.2927222e-01   1.5092757e+00
  -8.1771722e-01   1.5088219e+00
  -8.2115590e-01   1.5034001e+00
  -8.2044895e-01   1.5151401e+00
  -8.1622245e-01   1.5023277e+00
  -8.1766021e-01   1.5077190e+00
  -8.1827748e-01   1.5140057e+00
  -8.2001600e-01   1.5039056e+00
  -8.1565790e-01   1.5049980e+00
  -8.1850925e-01   1.5084452e+00
  -8.2760504e-01   1.5119070e+00
  -8.1856276e-01   1.5176608e+00
   6.2960383e-01   1.5177764e+00
   6.3077230e-01   1.5172245e+00
   6.2886335e-01   1.4771346e+00
   6.3111793e-01   1.4389130e+00
   6.3597539e-01   1.3730274e+00
   6.4351248e-01   1.2912682e+00
   6.3547620e-01   1.2148438e+00
   6.3444631e-01   1.1400573e+00
   6.4317554e-01   1.0639296e+00
   6.2847933e-01   9.8296436e-01
   6.4276708e-01   9.0820822e-01
   6.3852562e-01   8.4668468e-01
   6.2637300e-01   7.7040944e-01
   6.3089565e-01   7.1411071e-01
   6.2753736e-01   6.5597636e-01
   6.3000526e-01   6.0048444e-01
   6.4544044e-01   5.4682132e-01
   6.2600538e-01   5.1027631e-01
   6.4543745e-01   4.6999270e-01
   6.3055095e-01   4.2701011e-01
   6.3170207e-01   3.9470332e-01
   6.3062625e-01   3.5771863e-01
   6.2894701e-01   3.3248624e-01
   6.2410191e-01   3.0181387e-01
   6.3031222e-01   2.7591572e-01
   6.4680468e-01   2.5645696e-01
   6.4755595e-01   2.3422626e-01
   6.4195581e-01   2.1370878e-01
   6.2894597e-01   2.0236327e-01
   6.4060252e-01   1.8922998e-01
   6.3418821e-01   1.7980874e-01
   6.4711903e-01   1.6828834e-01
   6.4158382e-01   1.4818868e-01
   6.3149526e-01   1.3735731e-01
   6.3581206e-01   1.3364613e-01
   6.4329156e-01   1.2364044e-01
   6.2695719e-01   1.1722246e-01
   6.2704537e-01   1.0879025e-01
   6.3142895e-01   1.1178073e-01
   6.4721781e-01   9.5623898e-02
   6.4167391e-01   9.2047520e-02
   6.4504514e-01   8.7235124e-02
   6.2737746e-01   8.3479203e-02
   6.4292739e-01   8.8290551e-02
   6.3981644e-01   8.7038258e-02
   6.3450706e-01   7.2616597e-02
   6.4326090e-01   7.8788827e-02
   6.3177694e-01   7.6953671e-02
   6.4652380e-01   6.9843929e-02
   6.2844208e-01   6.5548327e-02
   6.4431491e-01   6.6362104e-02
   6.4530053e-01   6.8705713e-02
   6.4751125e-01   5.7913167e-02
   6.3773528e-01   6.9318173e-02
   6.3136878e-01   6.0490453e-02
   6.2638557e-01   5.5570325e-02
   6.3485255e-01   5.7627892e-02
   6.2871554e-01   6.1244293e-02
   6.4250150e-01   5.2299071e-02
   6.3371685e-01   6.0371772e-02
   6.4741262e-01   5.3852545e-02
   6.2438303e-01   6.1153930e-02
   6.3965081e-01   5.7860576e-02
   6.3388523e-01   5.8085675e-02
   6.2666189e-01   5.4154546e-02
   6.4340324e-01   5.5709743e-02
   6.4429046e-01   4.9668251e-02
   6.3115090e-01   4.7561127e-02
   6.4680271e-01   5.2545799e-02
  -9.2917883e-01   5.9733550e-02
  -9.3273588e-01   5.4246168e-02
  -9.2637110e-01   9.5999966e-02
  -9.3056063e-01   1.6658861e-01
  -9.2818473e-01   2.6956296e-01
  -9.3662974e-01   3.8283601e-01
  -9.2910561e-01   4.9804933e-01
  -9.3282869e-01   6.0825910e-01
  -9.3175047e-01   7.2509056e-01
  -9.2855060e-01   8.5265555e-01
  -9.3902262e-01   9.5305096e-01
  -9.1903534e-01   1.0632242e+00
  -9.3877464e-01   1.1602959e+00
  -9.3025342e-01   1.2563138e+00
  -9.1793641e-01   1.3461308e+00
  -9.3758836e-01   1.4226960e+00
  -9.2267461e-01   1.4977155e+00
  -9.1894662e-01   1.5715498e+00
  -9.2468603e-01   1.6415662e+00
  -9.2302153e-01   1.6960465e+00
  -9.2716519e-01   1.7544180e+00
  -9.2015713e-01   1.8042408e+00
  -9.1984043e-01   1.8380630e+00
  -9.3238914e-01   1.8797742e+00
  -9.2009929e-01   1.9217797e+00
  -9.2092322e-01   1.9576407e+00
  -9.3851229e-01   1.9755536e+00
  -9.1779735e-01   2.0119195e+00
  -9.3232401e-01   2.0406833e+00
  -9.3903357e-01   2.0527423e+00
  -9.3687652e-01   2.0754261e+00
  -9.2283271e-01   2.1001941e+00
  -9.3983759e-01   2.1053772e+00
  -9.2173839e-01   2.1292219e+00
  -9.3341672e-01   2.1417923e+00
  -9.3011430e-01   2.1535831e+00
  -9.3360995e-01   2.1575587e+00
  -9.2104812e-01   2.1749008e+00
  -9.3136188e-01   2.1789837e+00
  -9.3502284e-01   2.1881658e+00
  -9.2505658e-01   2.1896036e+00
  -9.3409702e-01   2.1995776e+00
  -9.3732084e-01   2.2062283e+00
  -9.2314853e-01   2.2175305e+00
  -9.2784431e-01   2.2136798e+00
  -9.3781222e-01   2.2244297e+00
  -9.3609738e-01   2.2265157e+00
  -9.2942576e-01   2.2253420e+00
  -9.2783282e-01   2.2321533e+00
  -9.2700838e-01   2.2417456e+00
  -9.3416982e-01   2.2311049e+00
  -9.2336705e-01   2.2398177e+00
  -9.4076665e-01   2.2465764e+00
  -9.2301058e-01   2.2413567e+00
  -9.2936609e-01   2.2407287e+00
  -9.3500257e-01   2.2408678e+00
  -9.2024589e-01   2.2460134e+00
  -9.1914184e-01   2.2507407e+00
  -9.2036339e-01   2.2462210e+00
  -9.3076098e-01   2.2560271e+00
  -9.1909164e-01   2.2560897e+00
  -9.3459000e-01   2.2489332e+00
  -9.1870539e-01   2.2568314e+00
  -9.3664060e-01   2.2485192e+00
  -9.2438011e-01   2.2487405e+00
  -9.3847206e-01   2.2555600e+00
  -9.2181288e-01   2.2621980e+00
  -9.3659913e-01   2.2603130e+00
  -9.3523356e-01   2.2516013e+00
   2.6539939e-01   2.2609798e+00
   2.8489401e-01   2.2638373e+00
   2.7242877e-01   2.2100032e+00
   2.6960036e-01   2.1411893e+00
   2.7052088e-01   2.0573064e+00
   2.6658078e-01   1.9470199e+00
   2.7071778e-01   1.8288061e+00
   2.7293790e-01   1.7238198e+00
   2.7373530e-01   1.6066760e+00
   2.8358300e-01   1.4911153e+00
   2.7595974e-01   1.3770382e+00
   2.7354496e-01   1.2736192e+00
   2.6899287e-01   1.1779925e+00
   2.7193141e-01   1.0910172e+00
   2.6787607e-01   1.0036752e+00
   2.8476065e-01   9.2322483e-01
   2.8515826e-01   8.4851886e-01
   2.8825961e-01   7.8371452e-01
   2.6811941e-01   7.2626392e-01
   2.8021002e-01   6.7062851e-01
   2.8068261e-01   6.1743586e-01
   2.8283981e-01   5.6999575e-01
   2.8043857e-01   5.2676474e-01
   2.6648009e-01   4.9122513e-01
   2.6667652e-01   4.5080456e-01
   2.6965925e-01   4.1887345e-01
   2.7518320e-01   3.9253183e-01
   2.7563718e-01   3.7032466e-01
   2.7789738e-01   3.3932110e-01
   2.8175039e-01   3.2292749e-01
   2.7007280e-01   2.9957408e-01
   2.7944017e-01   2.8925068e-01
   2.7931702e-01   2.6557265e-01
   2.6653763e-01   2.5133150e-01
   2.8203120e-01   2.4590874e-01
   2.6665731e-01   2.2663235e-01
   2.8151653e-01   2.2095515e-01
   2.8540654e-01   2.1281053e-01
   2.7185125e-01   2.0474949e-01
   2.7986262e-01   1.9001388e-01
   2.8740521e-01   1.8236471e-01
   2.8853641e-01   1.8644374e-01
   2.8707730e-01   1.8092237e-01
   2.8362428e-01   1.7502882e-01
   2.8508899e-01   1.6137997e-01
   2.7110706e-01   1.6515844e-01
   2.6810960e-01   1.6081881e-01
   2.6579698e-01   1.5789839e-01
   2.7805225e-01   1.5215655e-01
   2.7059122e-01   1.4733968e-01
   2.7653453e-01   1.5247672e-01
   2.8181420e-01   1.4790872e-01
   2.8538110e-01   1.3954779e-01
   2.8544028e-01   1.4387923e-01
   2.6774081e-01   1.3524953e-01
   2.8101490e-01   1.4416527e-01
   2.8682148e-01   1.2924047e-01
   2.8353551e-01   1.3868682e-01
   2.6674105e-01   1.3939669e-01
   2.7482255e-01   1.3342984e-01
   2.8047664e-01   1.3765812e-01
   2.7737368e-01   1.3374330e-01
   2.6834164e-01   1.2952971e-01
   2.6578423e-01   1.2967824e-01
   2.7049151e-01   1.3111032e-01
   2.7947899e-01   1.2330117e-01
   2.6843979e-01   1.2156101e-01
   2.7105808e-01   1.3467876e-01
   2.7662324e-01   1.2478223e-01
   6.8241642e-01   1.2198383e-01
   6.9482250e-01   1.2591329e-01
   6.7157089e-01   1.2850757e-01
   6.7998561e-01   1.1764343e-01
   6.9231729e-01   1.1061324e-01
   6.7334710e-01   1.1528864e-01
   6.7597807e-01   1.0017659e-01
   6.8093269e-01   9.8732376e-02
   6.8654395e-01   8.5441854e-02
   6.9459372e-01   8.9109065e-02
   6.7760166e-01   7.6451776e-02
   6.7286114e-01   7.0631351e-02
   6.8117660e-01   7.0315565e-02
   6.8008647e-01   6.6970635e-02
   6.8006090e-01   5.8251405e-02
   6.9336784e-01   4.5390714e-02
   6.7542173e-01   4.7932693e-02
   6.8315209e-01   4.3941929e-02
   6.8112285e-01   4.3120988e-02
   6.7839697e-01   3.4509168e-02
   6.8192601e-01   2.6234887e-02
   6.8907514e-01   2.5601129e-02
   6.8921352e-01   2.7627993e-02
   6.8621290e-01   2.6900043e-02
   6.8198947e-01   2.5207370e-02
   6.7856290e-01   2.4429023e-02
   6.9265669e-01   2.6936356e-02
   6.8008364e-01   2.3505505e-02
   6.7767728e-01   1.1950374e-02
   6.7101713e-01   1.6634420e-02
   6.7922845e-01   1.9274156e-02
   6.9190564e-01   1.2685127e-02
   6.8090554e-01   1.3173942e-02
   6.7285986e-01   7.1184264e-03
   6.9382466e-01   7.1470829e-03
   6.9434177e-01   1.8200142e-02
   6.8598339e-01   1.5358284e-02
   6.9293257e-01   1.2271287e-02
   6.8433057e-01   8.4524738e-03
   6.8809334e-01   1.4438859e-02
   6.7795692e-01   6.5911528e-03
   6.8182932e-01   1.0495413e-02
   6.8314014e-01   6.0912254e-03
   6.9123453e-01   1.2212237e-02
   6.8705442e-01   1.4073227e-02
   6.7127376e-01   9.5246377e-04
   6.8032350e-01   5.7994833e-03
   6.7776174e-01   4.9894313e-03
   6.7458716e-01   1.1618471e-02
   6.7606018e-01   9.0054484e-03
   6.8482212e-01   1.6465898e-03
   6.9290043e-01   8.9306762e-03
   6.7774340e-01   1.2795711e-02
   6.8453174e-01   1.0083536e-03
   6.9139010e-01   1.2031507e-02
   6.8031562e-01   1.1282459e-02
   6.9125459e-01   1.0587021e-02
   6.8281166e-01   1.9076387e-04
   6.9455045e-01   1.8292754e-03
   6.8136617e-01   7.7158421e-03
   6.9160888e-01   2.4367772e-03
   6.7736235e-01  -9.2366441e-04
   6.7798369e-01   3.5631996e-03
   6.8967862e-01   2.4183489e-03
   6.8798299e-01   1.2486099e-02
   6.7478044e-01   8.9315666e-03
   6.7272028e-01  -1.1268210e-03
   6.8631121e-01   1.0772969e-02
   6.7463889e-01   4.3608711e-03
  -5.5406513e-01  -1.3759954e-03
  -5.4463313e-01   1.2183281e-02
  -5.3682133e-01   1.3645061e-02
  -5.3785909e-01   2.5993696e-02
  -5.5140079e-01   3.9486420e-02
  -5.4503801e-01   5.6716702e-02
  -5.3861081e-01   6.9534743e-02
  -5.5081217e-01   8.6432997e-02
  -5.4869821e-01   1.1264491e-01
  -5.4642430e-01   1.2848250e-01
  -5.4450642e-01   1.4290638e-01
  -5.4433506e-01   1.5087866e-01
  -5.4913437e-01   1.7970397e-01
  -5.3270541e-01   1.9192066e-01
  -5.3706278e-01   2.0582683e-01
  -5.4599929e-01   2.1858474e-01
  -5.5068286e-01   2.3075713e-01
  -5.4193944e-01   2.3993589e-01
  -5.3523414e-01   2.4719021e-01
  -5.4045139e-01   2.4999931e-01
  -5.3233945e-01   2.6651309e-01
  -5.4993135e-01   2.6645263e-01
  -5.5176251e-01   2.7039422e-01
  -5.5118935e-01   2.8581846e-01
  -5.3244945e-01   2.9061171e-01
  -5.4648947e-01   2.8463021e-01
  -5.4403988e-01   2.9242650e-01
  -5.5272977e-01   3.0638068e-01
  -5.4106487e-01   3.0715485e-01
  -5.3642800e-01   3.0273653e-01
  -5.4945903e-01   3.0825611e-01
  -5.3533895e-01   3.1310719e-01
  -5.4424930e-01   3.1185527e-01
  -5.3904117e-01   3.2240110e-01
  -5.5276407e-01   3.2157044e-01
  -5.5209299e-01   3.1606615e-01
  -5.3841250e-01   3.2119587e-01
  -5.4612327e-01   3.2171841e-01
  -5.3729489e-01   3.2650440e-01
  -5.4288369e-01   3.2052102e-01
  -5.5382004e-01   3.2459724e-01
  -5.4535068e-01   3.2496203e-01
  -5.5217880e-01   3.3691187e-01
  -5.4360052e-01   3.3468729e-01
  -5.5158025e-01   3.3764723e-01
  -5.3099682e-01   3.2980225e-01
  -5.4195764e-01   3.3782888e-01
  -5.4094432e-01   3.3422840e-01
  -5.3358929e-01   3.2943485e-01
  -5.4061015e-01   3.3217582e-01
  -5.3887198e-01   3.4054329e-01
  -5.5142022e-01   3.2918190e-01
  -5.4481864e-01   3.3123646e-01
  -5.4707677e-01   3.3218458e-01
  -5.3487226e-01   3.4126628e-01
  -5.3575368e-01   3.3332163e-01
  -5.5092901e-01   3.3218389e-01
  -5.4405113e-01   3.3332491e-01
  -5.5358134e-01   3.2977599e-01
  -5.4483558e-01   3.3546215e-01
  -5.3618207e-01   3.4084710e-01
  -5.3428599e-01   3.3018877e-01
  -5.4633815e-01   3.3973222e-01
  -5.4803813e-01   3.4260682e-01
  -5.4015664e-01   3.3097040e-01
  -5.5172044e-01   3.3226301e-01
  -5.5319575e-01   3.4028360e-01
  -5.5357542e-01   3.3243010e-01
  -5.3615834e-01   3.4005147e-01
   3.0104744e-01   3.4078659e-01
   3.0951025e-01   3.4163715e-01
   3.1421532e-01   3.3999955e-01
   2.9847147e-01   3.2565990e-01
   3.0178128e-01   3.1114677e-01
   3.0769245e-01   3.0829552e-01
   3.0276602e-01   3.0254960e-01
   3.1683627e-01   2.8487780e-01
   3.0732639e-01   2.6989613e-01
   3.0213609e-01   2.6492738e-01
   3.0012697e-01   2.5004245e-01
   3.1523212e-01   2.4789879e-01
   2.9774167e-01   2.3597346e-01
   3.1590576e-01   2.3172035e-01
   3.1405233e-01   2.2311465e-01
   3.1477320e-01   2.1593270e-01
   3.1961861e-01   1.9872745e-01
   2.9993945e-01   1.9300104e-01
   3.1920002e-01   1.9162361e-01
   3.0180261e-01   1.8875793e-01
   3.0546861e-01   1.8036628e-01
   2.9934041e-01   1.7587565e-01
   3.1366271e-01   1.7052412e-01
   3.0508926e-01   1.6212791e-01
   3.0806957e-01   1.6750532e-01
   3.1221724e-01   1.6727622e-01
   3.1079667e-01   1.6452982e-01
   3.0597354e-01   1.6173077e-01
   2.9932530e-01   1.5743686e-01
   3.0459711e-01   1.5342149e-01
   3.0338273e-01   1.5573197e-01
   3.1904346e-01   1.5403174e-01
   3.0422852e-01   1.4526251e-01
   2.9909929e-01   1.5216357e-01
   3.0495048e-01   1.4232815e-01
   3.1564985e-01   1.4959726e-01
   3.1277572e-01   1.4498548e-01
   2.9674848e-01   1.4546706e-01
   3.1854476e-01   1.4298345e-01
   3.0623804e-01   1.4322701e-01
   3.0988798e-01   1.3279850e-01
   3.0042274e-01   1.3254666e-01
   3.0461706e-01   1.4352506e-01
   3.0447306e-01   1.4227111e-01
   3.1536815e-01   1.4136979e-01
   3.1748463e-01   1.3212672e-01
   3.1501037e-01   1.4292282e-01
   3.0066441e-01   1.3760252e-01
   3.1122403e-01   1.3180026e-01
   3.0771803e-01   1.4205490e-01
   2.9895184e-01   1.3258264e-01
   3.0807102e-01   1.3868486e-01
   2.9854656e-01   1.4131066e-01
   3.1854190e-01   1.3819682e-01
   3.1454042e-01   1.3899142e-01
   3.1445969e-01   1.2997486e-01
   3.1886295e-01   1.3557637e-01
   3.0389860e-01   1.2839269e-01
   3.1060654e-01   1.3952196e-01
   3.0328485e-01   1.3222095e-01
   3.0315743e-01   1.3324225e-01
   2.9784490e-01   1.3809367e-01
   3.1927647e-01   1.3921056e-01
   3.1609857e-01   1.2874525e-01
   3.1841572e-01   1.3591327e-01
   3.0871414e-01   1.3019538e-01
   3.1396374e-01   1.3964880e-01
   2.9794695e-01   1.2868292e-01
   3.1963170e-01   1.3093584e-01
  -1.6421421e-01   1.3090784e-01
  -1.4672943e-01   1.3269653e-01
  -1.6164540e-01   1.2624945e-01
  -1.4291601e-01   1.2270002e-01
  -1.6429628e-01   1.2020604e-01
  -1.4629385e-01   1.0780427e-01
  -1.4223223e-01   9.6656806e-02
  -1.5376149e-01   8.9882440e-02
  -1.5189469e-01   7.2497090e-02
  -1.6378057e-01   6.6831237e-02
  -1.6125317e-01   6.0563766e-02
  -1.4963517e-01   4.5529951e-02
  -1.5534052e-01   3.7943433e-02
  -1.6243930e-01   4.1701522e-02
  -1.5756384e-01   3.2928098e-02
  -1.5320981e-01   2.2821030e-02
  -1.4737874e-01   1.8211041e-02
  -1.5636706e-01   1.2793558e-02
  -1.4797105e-01   7.2418766e-03
  -1.5008883e-01   5.4584293e-03
  -1.5082528e-01  -3.4185046e-03
  -1.5559046e-01  -5.8274094e-03
  -1.5954275e-01  -4.2253795e-03
  -1.5073480e-01  -8.9674461e-03
  -1.6506513e-01  -2.2438126e-02
  -1.6034513e-01  -2.0918250e-02
  -1.4376106e-01  -1.5860829e-02
  -1.5521531e-01  -2.7141064e-02
  -1.5443664e-01  -2.7300781e-02
  -1.4836502e-01  -2.5730549e-02
  -1.4268247e-01  -2.2643915e-02
  -1.5378044e-01  -2.6020601e-02
  -1.6513285e-01  -3.4914804e-02
  -1.4496384e-01  -3.5162742e-02
  -1.5508008e-01  -3.0751878e-02
  -1.4334469e-01  -3.4919738e-02
  -1.4363972e-01  -3.2332316e-02
  -1.5258445e-01  -3.2787282e-02
  -1.4296349e-01  -4.2335759e-02
  -1.5089612e-01  -3.3914099e-02
  -1.5399868e-01  -4.4609840e-02
  -1.6095167e-01  -3.7662728e-02
  -1.4581367e-01  -3.9235729e-02
  -1.4224250e-01  -4.5230449e-02
  -1.5089860e-01  -4.7426466e-02
  -1.5645329e-01  -3.4902624e-02
  -1.4982113e-01  -3.7239567e-02
  -1.4983743e-01  -4.3257133e-02
  -1.4822433e-01  -4.4830571e-02
  -1.5003912e-01  -4.6941124e-02
  -1.5846548e-01  -4.6657608e-02
  -1.4359016e-01  -3.7061419e-02
  -1.5977777e-01  -4.1832438e-02
  -1.4846208e-01  -4.1361099e-02
  -1.5194654e-01  -4.7652655e-02
  -1.5339570e-01  -4.0863125e-02
  -1.4859850e-01  -4.6810933e-02
  -1.6478297e-01  -4.1537751e-02
  -1.4478926e-01  -3.9056807e-02
  -1.6343097e-01  -4.3845011e-02
  -1.6329529e-01  -4.9589739e-02
  -1.5983866e-01  -4.4476201e-02
  -1.4719931e-01  -4.1886088e-02
  -1.6115608e-01  -4.7225459e-02
  -1.5280612e-01  -4.5725773e-02
  -1.6607713e-01  -4.8342476e-02
  -1.5490685e-01  -3.7883600e-02
  -1.5402904e-01  -4.3481486e-02
  -1.5327133e-01  -3.9450090e-02
  -6.6122891e-01  -4.5843083e-02
  -6.6990134e-01  -3.9313211e-02
  -6.7071871e-01  -2.5393590e-02
  -6.6230241e-01  -3.7356665e-03
  -6.5792863e-01   3.8999814e-02
  -6.6392238e-01   7.7753785e-02
  -6.7126786e-01   1.1785693e-01
  -6.7265985e-01   1.4744317e-01
  -6.6633642e-01   1.9959443e-01
  -6.6982591e-01   2.3236526e-01
  -6.7252577e-01   2.7163452e-01
  -6.7784880e-01   3.1086478e-01
  -6.7376335e-01   3.5248371e-01
  -6.6523438e-01   3.8081042e-01
  -6.7461457e-01   4.2119116e-01
  -6.6872518e-01   4.4856718e-01
  -6.6827200e-01   4.6996772e-01
  -6.5947736e-01   4.9032958e-01
  -6.6235353e-01   5.2549218e-01
  -6.6705930e-01   5.3523103e-01
  -6.6736990e-01   5.5895610e-01
  -6.5941313e-01   5.7261511e-01
  -6.7357958e-01   5.9493825e-01
  -6.5982083e-01   6.0489950e-01
  -6.6418095e-01   6.1185767e-01
  -6.7412280e-01   6.3291178e-01
  -6.8015976e-01   6.3624129e-01
  -6.7735365e-01   6.4760640e-01
  -6.8077827e-01   6.6443686e-01
  -6.7575878e-01   6.6188159e-01
  -6.7105960e-01   6.7515032e-01
  -6.6739528e-01   6.7665380e-01
  -6.6823372e-01   6.8159526e-01
  -6.7355955e-01   6.9888651e-01
  -6.6515755e-01   6.9577602e-01
  -6.8026433e-01   7.0192430e-01
  -6.7178492e-01   7.0460432e-01
  -6.7249394e-01   7.0247519e-01
  -6.7682843e-01   7.0520143e-01
  -6.5918068e-01   7.0738805e-01
  -6.7860927e-01   7.1148753e-01
  -6.6951841e-01   7.1564926e-01
  -6.7702065e-01   7.2156257e-01
  -6.6123240e-01   7.1923894e-01
  -6.8019572e-01   7.3086702e-01
  -6.6693837e-01   7.2587447e-01
  -6.7057088e-01   7.2138743e-01
  -6.6922590e-01   7.3122319e-01
  -6.7682084e-01   7.3292344e-01
  -6.7651892e-01   7.2785683e-01
  -6.6359351e-01   7.3055344e-01
  -6.7489057e-01   7.3582566e-01
  -6.7153455e-01   7.2976748e-01
  -6.7383699e-01   7.3708426e-01
  -6.6853348e-01   7.4055484e-01
  -6.5919128e-01   7.3657836e-01
  -6.7025838e-01   7.3071294e-01
  -6.7058414e-01   7.3443768e-01
  -6.6705952e-01   7.3326029e-01
  -6.7581196e-01   7.3158550e-01
  -6.7987015e-01   7.4142472e-01
  -6.6337781e-01   7.4390202e-01
  -6.5698921e-01   7.3417069e-01
  -6.6360021e-01   7.3188083e-01
  -6.6362082e-01   7.3415601e-01
  -6.7895760e-01   7.4282042e-01
  -6.7129175e-01   7.4505725e-01
  -6.7265894e-01   7.4496687e-01
  -6.7660710e-01   7.4289547e-01
   9.0992499e-01   7.3608529e-01
   9.0345500e-01   7.4254489e-01
   9.1995533e-01   7.1847407e-01
   9.1243773e-01   6.8310672e-01
   9.2501456e-01   6.2793651e-01
   9.0705305e-01   5.6860057e-01
   9.0299033e-01   5.1651653e-01
   9.0457304e-01   4.4891581e-01
   9.2544365e-01   3.9347055e-01
   9.2227348e-01   3.4240939e-01
   9.0993531e-01   2.8626424e-01
   9.0288827e-01   2.2619428e-01
   9.1099173e-01   1.7490575e-01
   9.2420158e-01   1.2083889e-01
   9.2382031e-01   8.2463874e-02
   9.1246885e-01   4.3919625e-02
   9.1280866e-01   6.5004165e-03
   9.2397694e-01  -2.8065034e-02
   9.0832225e-01  -6.2139935e-02
   9.0709702e-01  -9.5662688e-02
   9.2111407e-01  -1.2344662e-01
   9.2278450e-01  -1.4236673e-01
   9.1340173e-01  -1.6860268e-01
   9.2528852e-01  -1.8345018e-01
   9.1741346e-01  -2.0796706e-01
   9.2308529e-01  -2.2318307e-01
   9.1541042e-01  -2.4358874e-01
   9.1729039e-01  -2.5079615e-01
   9.0648277e-01  -2.7333540e-01
   9.1535617e-01  -2.7369969e-01
   9.1754786e-01  -2.9031537e-01
   9.0941307e-01  -2.9137831e-01
   9.2288619e-01  -3.0194639e-01
   9.2502607e-01  -3.1058006e-01
   9.0632825e-01  -3.1322489e-01
   9.0860900e-01  -3.2634278e-01
   9.1898903e-01  -3.3019530e-01
   9.2247127e-01  -3.4095828e-01
   9.1359331e-01  -3.4806095e-01
   9.0170653e-01  -3.4863996e-01
   9.1240354e-01  -3.4338677e-01
   9.0256853e-01  -3.4925067e-01
   9.0450665e-01  -3.5607686e-01
   9.1171184e-01  -3.6114224e-01
   9.0740457e-01  -3.5541580e-01
   9.0436471e-01  -3.6743446e-01
   9.2054744e-01  -3.6467189e-01
   9.0358596e-01  -3.7076782e-01
   9.0701997e-01  -3.6571481e-01
   9.1254676e-01  -3.6860888e-01
   9.1282399e-01  -3.7538214e-01
   9.1181773e-01  -3.6865057e-01
   9.2181829e-01  -3.7257934e-01
   9.1447624e-01  -3.7504338e-01
   9.1089371e-01  -3.7168393e-01
   9.1166351e-01  -3.6902747e-01
   9.1018452e-01  -3.6981208e-01
   9.0856068e-01  -3.7982021e-01
   9.0435809e-01  -3.8166999e-01
   9.1618184e-01  -3.7982827e-01
   9.0213088e-01  -3.8455422e-01
   9.1913210e-01  -3.7711828e-01
   9.1696152e-01  -3.7786709e-01
   9.2479767e-01  -3.7207819e-01
   9.1884020e-01  -3.7776006e-01
   9.1423986e-01  -3.7418386e-01
   9.0465050e-01  -3.8358693e-01
   9.0402875e-01  -3.8225890e-01
   9.0670975e-01  -3.8506408e-01
   3.0097582e-01  -3.8467019e-01
   2.8493255e-01  -3.8719097e-01
   3.0251559e-01  -3.6743898e-01
   2.8513833e-01  -3.5158018e-01
   3.0070209e-01  -3.3228588e-01
   2.9935609e-01  -3.0496544e-01
   3.0815544e-01  -2.8297431e-01
   2.8648645e-01  -2.4796536e-01
   3.0425754e-01  -2.2707131e-01
   2.9582901e-01  -1.9638439e-01
   2.8843211e-01  -1.7382021e-01
   2.9422554e-01  -1.4013853e-01
   2.9412795e-01  -1.2267781e-01
   2.8764861e-01  -1.0690305e-01
   2.9766568e-01  -8.6229039e-02
   3.0085558e-01  -6.5708791e-02
   2.9006217e-01  -3.9515917e-02
   2.8501968e-01  -2.8049259e-02
   2.9262903e-01  -1.3156855e-02
   2.8772830e-01  -3.6650996e-03
   3.0451589e-01   1.0322510e-02
   2.9271469e-01   2.9676313e-02
   2.9920520e-01   3.2473113e-02
   3.0173589e-01   4.6798556e-02
   3.0250045e-01   4.6032294e-02
   3.0654341e-01   5.2998285e-02
   3.0720858e-01   6.5492039e-02
   2.9532556e-01   6.5529310e-02
   3.0223016e-01   7.1606528e-02
   3.0620178e-01   8.8453215e-02
   3.0033952e-01   8.8767253e-02
   2.8752320e-01   9.7500909e-02
   2.9102961e-01   9.0928514e-02
   2.9584956e-01   9.3245331e-02
   2.9316250e-01   1.0353585e-01
   2.8571937e-01   1.0000923e-01
   2.8605906e-01   1.1083149e-01
   2.9819752e-01   1.0984497e-01
   2.9140644e-01   1.1299725e-01
   2.8506043e-01   1.1928877e-01
   2.9507353e-01   1.1369875e-01
   3.0296771e-01   1.1417739e-01
   3.0806593e-01   1.2448402e-01
   2.9724028e-01   1.1719924e-01
   2.8592303e-01   1.1397332e-01
   3.0402561e-01   1.2256785e-01
   3.0455877e-01   1.2847048e-01
   2.9565418e-01   1.1820050e-01
   3.0221664e-01   1.2857258e-01
   2.9662403e-01   1.1942317e-01
   3.0225526e-01   1.2878993e-01
   3.0132130e-01   1.2359736e-01
   2.9268107e-01   1.2788706e-01
   2.9971915e-01   1.2677018e-01
   3.0272450e-01   1.2687058e-01
   2.9991450e-01   1.3375444e-01
   2.9780233e-01   1.2369066e-01
   3.0681770e-01   1.2095568e-01
   2.9222433e-01   1.3264745e-01
   2.8682532e-01   1.3213297e-01
   3.0605129e-01   1.2237956e-01
   2.9679902e-01   1.2195393e-01
   2.9801591e-01   1.2401891e-01
   3.0386063e-01   1.2479211e-01
   2.9772699e-01   1.2974584e-01
   2.8811511e-01   1.3446761e-01
   3.0359685e-01   1.2966571e-01
   2.9726198e-01   1.3636184e-01
   3.0019513e-01   1.2486690e-01
   2.2026626e-01   1.3394209e-01
   2.2112674e-01   1.3348147e-01
   2.3295480e-01   1.2730899e-01
   2.2900232e-01   1.3505574e-01
   2.1905373e-01   1.2993869e-01
   2.1326704e-01   1.2809094e-01
   2.2378156e-01   1.2767354e-01
   2.1293354e-01   1.1829328e-01
   2.2068564e-01   1.2764434e-01
   2.1870973e-01   1.1611006e-01
   2.1976257e-01   1.1379409e-01
   2.2234270e-01   1.1827181e-01
   2.2755751e-01   1.2390635e-01
   2.1303854e-01   1.1027866e-01
   2.2499501e-01   1.0943845e-01
   2.1733875e-01   1.0844955e-01
   2.2473332e-01   1.1136165e-01
   2.3168488e-01   1.1508238e-01
   2.3140438e-01   1.0789468e-01
   2.1733689e-01   1.1765936e-01
   2.2728330e-01   1.1550681e-01
   2.2972167e-01   1.1605049e-01
   2.1217275e-01   1.1333193e-01
   2.1320798e-01   1.0514420e-01
   2.1379962e-01   1.1226413e-01
   2.2347085e-01   1.0906756e-01
   2.1508661e-01   1.0691187e-01
   2.2560323e-01   1.0303612e-01
   2.1943971e-01   1.1148143e-01
   2.3200498e-01   1.0935791e-01
   2.1562448e-01   1.1214060e-01
   2.2635516e-01   1.0975938e-01
   2.2300128e-01   1.0012130e-01
   2.2902414e-01   1.0342483e-01
   2.2557991e-01   1.0876776e-01
   2.1788387e-01   1.0613089e-01
   2.2845929e-01   1.0487481e-01
   2.2118384e-01   1.0878034e-01
   2.2390766e-01   1.1030911e-01
   2.2540614e-01   1.0570256e-01
   2.1525101e-01   1.0185371e-01
   2.2738477e-01   1.0719067e-01
   2.1455730e-01   9.9939499e-02
   2.1947545e-01   1.0001433e-01
   2.1375772e-01   1.0481560e-01
   2.3169312e-01   1.1100248e-01
   2.1793764e-01   1.0072421e-01
   2.1656729e-01   1.0046143e-01
   2.1699883e-01   1.0000615e-01
   2.1077172e-01   9.9511825e-02
   2.3143756e-01   1.0453565e-01
   2.3216563e-01   1.0873412e-01
   2.1837276e-01   1.0233859e-01
   2.1767837e-01   1.0609739e-01
   2.3152286e-01   1.0962423e-01
   2.1696703e-01   9.8628063e-02
   2.1960476e-01   1.0817061e-01
   2.2912662e-01   1.0266926e-01
   2.1389327e-01   1.1140717e-01
   2.2173703e-01   1.0740560e-01
   2.3022981e-01   1.0613111e-01
   2.1459729e-01   1.0434612e-01
   2.1600115e-01   1.0114955e-01
   2.2555708e-01   9.8989956e-02
   2.1806376e-01   1.0688379e-01
   2.3144158e-01   1.0459069e-01
   2.2749267e-01   9.8629895e-02
   2.1176681e-01   9.8191132e-02
   2.1454947e-01   1.0892342e-01
  -1.8760733e-01   1.0033732e-01
  -1.7258922e-01   1.0135265e-01
  -1.8110244e-01   1.0314121e-01
  -1.9029554e-01   9.9973097e-02
  -1.8719100e-01   8.8967774e-02
  -1.7325566e-01   8.6980142e-02
  -1.8755014e-01   8.0657456e-02
  -1.8782831e-01   6.1777984e-02
  -1.7723607e-01   5.4264686e-02
  -1.9201341e-01   4.9610749e-02
  -1.7424671e-01   4.5857244e-02
  -1.7261469e-01   3.0231509e-02
  -1.7745693e-01   3.5564380e-02
  -1.8777044e-01   1.7921311e-02
  -1.7595324e-01   1.2425838e-02
  -1.8591600e-01   1.5272318e-02
  -1.7575703e-01   3.4659750e-03
  -1.7651510e-01  -2.5779149e-03
  -1.8155292e-01   8.7830921e-04
  -1.7453025e-01  -1.0919260e-02
  -1.8935648e-01  -8.5374969e-03
  -1.9447385e-01  -1.2226965e-02
  -1.9414403e-01  -1.5255177e-02
  -1.8781566e-01  -1.5736171e-02
  -1.8891603e-01  -2.2144356e-02
  -1.9127444e-01  -1.7622145e-02
  -1.7516826e-01  -2.7276398e-02
  -1.8583442e-01  -2.3665527e-02
  -1.7739515e-01  -3.3526174e-02
  -1.9202193e-01  -3.7921331e-02
  -1.8699773e-01  -3.4040529e-02
  -1.7415784e-01  -3.9655925e-02
  -1.8349442e-01  -3.6102651e-02
  -1.9006396e-01  -3.0775161e-02
  -1.9279169e-01  -3.5919190e-02
  -1.8570721e-01  -4.3344108e-02
  -1.9345649e-01  -3.5197210e-02
  -1.9052166e-01  -3.9656425e-02
  -1.7550284e-01  -4.1191093e-02
  -1.7751157e-01  -3.9582642e-02
  -1.8764725e-01  -4.6450470e-02
  -1.8654789e-01  -3.8629503e-02
  -1.8402327e-01  -4.2875783e-02
  -1.9275715e-01  -4.6610442e-02
  -1.8786382e-01  -4.0688635e-02
  -1.8250323e-01  -4.2057206e-02
  -1.7531348e-01  -4.8505088e-02
  -1.8853284e-01  -3.8702546e-02
  -1.8052776e-01  -4.4111869e-02
  -1.7351085e-01  -4.2874981e-02
  -1.7186595e-01  -3.8124420e-02
  -1.7188197e-01  -3.7749095e-02
  -1.9187815e-01  -4.1006697e-02
  -1.7765852e-01  -4.3224500e-02
  -1.7225375e-01  -5.0099186e-02
  -1.8436316e-01  -5.0477899e-02
  -1.7655885e-01  -4.5005731e-02
  -1.7284999e-01  -4.4040700e-02
  -1.7142175e-01  -4.9023134e-02
  -1.9091209e-01  -4.8084222e-02
  -1.8861326e-01  -5.0193262e-02
  -1.8600421e-01  -3.8240241e-02
  -1.7865993e-01  -4.2528305e-02
  -1.8281718e-01  -4.8002914e-02
  -1.8301543e-01  -4.5416307e-02
  -1.7372981e-01  -4.8327190e-02
  -1.8736986e-01  -4.9812306e-02
  -1.8682577e-01  -4.5714940e-02
  -1.7736510e-01  -4.5392382e-02
   4.3814402e-01  -3.9140169e-02
   4.4033725e-01  -4.4698807e-02
   4.3828395e-01  -4.0028600e-02
   4.3954758e-01  -4.0762626e-02
   4.2647152e-01  -3.2226944e-02
   4.3219508e-01  -2.0629660e-02
   4.4635505e-01  -1.3664281e-02
   4.3556311e-01   8.3532619e-03
   4.3130583e-01   1.1747851e-02
   4.2962562e-01   2.0016142e-02
   4.3424561e-01   2.9051581e-02
   4.3246641e-01   3.8235064e-02
   4.3748792e-01   5.0263090e-02
   4.4401784e-01   5.2447680e-02
   4.2826985e-01   6.0707060e-02
   4.4147756e-01   7.6219037e-02
   4.2800167e-01   8.3232330e-02
   4.4518609e-01   8.0167711e-02
   4.4137663e-01   9.0756908e-02
   4.4364969e-01   1.0317500e-01
   4.3949713e-01   9.6278993e-02
   4.2870807e-01   9.9085648e-02
   4.3084248e-01   1.1157384e-01
   4.2718646e-01   1.0673359e-01
   4.4315826e-01   1.1272633e-01
   4.2937686e-01   1.2442334e-01
   4.3642980e-01   1.2705146e-01
   4.4092439e-01   1.2442632e-01
   4.4918819e-01   1.3026605e-01
   4.3142527e-01   1.2875061e-01
   4.2766832e-01   1.2300282e-01
   4.4482689e-01   1.2576528e-01
   4.3789169e-01   1.2781291e-01
   4.4766565e-01   1.3943265e-01
   4.2670213e-01   1.2893540e-01
   4.4020356e-01   1.3046261e-01
   4.4803340e-01   1.3490789e-01
   4.3871863e-01   1.3888773e-01
   4.3192649e-01   1.3523732e-01
   4.3453541e-01   1.3670206e-01
   4.4878106e-01   1.3328093e-01
   4.4557295e-01   1.4220918e-01
   4.4992316e-01   1.4276893e-01
   4.3068102e-01   1.4570143e-01
   4.4001997e-01   1.4644592e-01
   4.4537129e-01   1.4820248e-01
   4.4499803e-01   1.4867782e-01
   4.4244295e-01   1.3716933e-01
   4.4814037e-01   1.3909954e-01
   4.3385283e-01   1.4604682e-01
   4.3750435e-01   1.4915569e-01
   4.3677151e-01   1.4440689e-01
   4.4026169e-01   1.3658377e-01
   4.4082295e-01   1.4211060e-01
   4.4389284e-01   1.4372859e-01
   4.3375876e-01   1.4831361e-01
   4.3362781e-01   1.4270800e-01
   4.3943680e-01   1.4006220e-01
   4.3389783e-01   1.4883097e-01
   4.3102695e-01   1.5097296e-01
   4.4466506e-01   1.3916232e-01
   4.4322377e-01   1.4115047e-01
   4.3839243e-01   1.4723389e-01
   4.4425078e-01   1.4104559e-01
   4.2818494e-01   1.5045475e-01
   4.4612502e-01   1.4391435e-01
   4.3993472e-01   1.4008592e-01
   4.4043812e-01   1.4956263e-01
   4.3741468e-01   1.4595248e-01
  -4.0783741e-01   1.4963352e-01
  -3.8822813e-01   1.4786625e-01
  -3.8683489e-01   1.4083719e-01
  -4.0027032e-01   1.4469630e-01
  -4.0459746e-01   1.3508715e-01
  -4.0815015e-01   1.3692259e-01
  -3.9267554e-01   1.3706576e-01
  -3.9322501e-01   1.3313874e-01
  -3.9699114e-01   1.1629047e-01
  -3.9926818e-01   1.1208607e-01
  -3.9196480e-01   1.1222191e-01
  -4.0230874e-01   1.1385174e-01
  -3.9927913e-01   1.0841945e-01
  -4.0510747e-01   1.0425433e-01
  -3.8893416e-01   1.0143768e-01
  -4.0562099e-01   1.0362179e-01
  -3.9546515e-01   1.0315164e-01
  -3.9369401e-01   1.0197089e-01
  -3.9617009e-01   9.9994175e-02
  -4.0270879e-01   8.6836232e-02
  -4.0526248e-01   9.1925242e-02
  -3.9063782e-01   9.1135362e-02
  -3.9212288e-01   8.9321945e-02
  -3.9809217e-01   8.4889745e-02
  -4.0764803e-01   9.0787163e-02
  -3.9032212e-01   8.8126969e-02
  -4.0613610e-01   8.5475034e-02
  -3.9707175e-01   8.6189500e-02
  -3.8804105e-01   8.2494762e-02
  -4.0105926e-01   8.0193974e-02
  -4.0009745e-01   7.9954698e-02
  -3.9010774e-01   7.8033058e-02
  -3.9200698e-01   7.7593161e-02
  -3.9621462e-01   7.2743309e-02
  -3.9299437e-01   8.0528812e-02
  -4.0104292e-01   7.9849934e-02
  -3.9633447e-01   7.9019136e-02
  -4.0089990e-01   7.1426585e-02
  -3.9024516e-01   7.8818009e-02
  -3.8688009e-01   7.4575351e-02
  -3.9103299e-01   6.8445792e-02
  -4.0391590e-01   8.1448302e-02
  -3.9949538e-01   7.0665415e-02
  -4.0839116e-01   6.8691704e-02
  -4.0035022e-01   7.4461684e-02
  -3.8548571e-01   7.1702690e-02
  -3.9021694e-01   7.6685411e-02
  -3.8730102e-01   8.0780527e-02
  -3.8895016e-01   7.1540179e-02
  -4.0796034e-01   6.8897742e-02
  -4.0816484e-01   7.8081118e-02
  -4.0705934e-01   7.5448627e-02
  -3.8982122e-01   6.8677505e-02
  -4.0323835e-01   7.2728907e-02
  -3.9904639e-01   7.6936207e-02
  -4.0311411e-01   7.6976162e-02
  -3.8861931e-01   7.7214533e-02
  -4.0321764e-01   6.9032444e-02
  -3.9489891e-01   7.3048374e-02
  -3.8706300e-01   7.3029841e-02
  -3.9971957e-01   7.2203055e-02
  -4.0192825e-01   7.4129131e-02
  -3.8940396e-01   6.7451480e-02
  -3.9329492e-01   7.2381353e-02
  -3.9219687e-01   6.6869392e-02
  -3.9132877e-01   7.3038534e-02
  -4.0710238e-01   6.6497329e-02
  -3.8863408e-01   6.9071529e-02
  -3.9708295e-01   7.7692043e-02
   7.1835120e-01   7.0642181e-02
   7.2813092e-01   7.6681722e-02
   7.2984651e-01   7.2131441e-02
   7.3064792e-01   6.1973990e-02
   7.2329693e-01   6.7077118e-02
   7.2552329e-01   5.8382220e-02
   7.3031734e-01   5.1249409e-02
   7.3399472e-01   4.8151289e-02
   7.3274595e-01   4.0977558e-02
   7.3606480e-01   3.0290480e-02
   7.3335026e-01   2.7636024e-02
   7.1659123e-01   1.2413487e-02
   7.3113976e-01   1.1479484e-02
   7.2557480e-01   3.9709464e-03
   7.1323785e-01   1.0914557e-03
   7.2441841e-01  -3.4155964e-03
   7.1372615e-01  -5.0064001e-03
   7.1506131e-01  -5.2610626e-03
   7.3481447e-01  -1.0406441e-02
   7.2460122e-01  -2.0616379e-02
   7.2777745e-01  -1.0695929e-02
   7.2732517e-01  -2.5410336e-02
   7.3208765e-01  -1.9756777e-02
   7.3202976e-01  -2.0919031e-02
   7.3424014e-01  -2.3589131e-02
   7.2548583e-01  -2.8466243e-02
   7.2687074e-01  -2.6800751e-02
   7.1332103e-01  -3.7166015e-02
   7.1386093e-01  -2.8061678e-02
   7.3531451e-01  -3.0593873e-02
   7.2899684e-01  -3.9939743e-02
   7.2570932e-01  -3.5414831e-02
   7.1772586e-01  -3.5423725e-02
   7.2943391e-01  -3.9500484e-02
   7.2021640e-01  -4.4000157e-02
   7.2950258e-01  -3.6928779e-02
   7.3117992e-01  -3.5780196e-02
   7.2443925e-01  -4.4668292e-02
   7.1335653e-01  -4.7289690e-02
   7.2747823e-01  -4.7520574e-02
   7.1777439e-01  -4.4610976e-02
   7.1331226e-01  -3.9300212e-02
   7.2388622e-01  -4.8505335e-02
   7.1571604e-01  -4.7849125e-02
   7.3138112e-01  -4.2287664e-02
   7.3123561e-01  -3.9339476e-02
   7.3318932e-01  -3.6454452e-02
   7.1459024e-01  -4.2975214e-02
   7.2507935e-01  -4.7728546e-02
   7.1748727e-01  -3.9399741e-02
   7.3010638e-01  -4.5960659e-02
   7.3189427e-01  -3.9306192e-02
   7.2711772e-01  -4.7078953e-02
   7.2640944e-01  -4.4131767e-02
   7.3150655e-01  -4.1821449e-02
   7.2327088e-01  -4.8654725e-02
   7.2858909e-01  -4.7864445e-02
   7.2690411e-01  -4.8426963e-02
   7.1378229e-01  -5.1027879e-02
   7.2914303e-01  -5.0848674e-02
   7.1653851e-01  -4.5055261e-02
   7.3623089e-01  -3.7532859e-02
   7.3096666e-01  -4.9248654e-02
   7.2553972e-01  -4.2178634e-02
   7.3291791e-01  -4.7610312e-02
   7.3164701e-01  -4.1884810e-02
   7.2939736e-01  -3.7685087e-02
   7.3240857e-01  -4.7180423e-02
   7.3610070e-01  -4.0451932e-02
   7.2962026e-01  -4.7732688e-02
   7.1203743e-01  -4.6475739e-02
   7.2593473e-01  -4.7833724e-02
   7.2871152e-01  -3.7275955e-02
   7.2423002e-01  -4.3510007e-02
   7.3013147e-01  -3.7426966e-02
   7.2032328e-01  -4.0893792e-02
   7.1183963e-01  -4.3107675e-02
   7.3280090e-01  -3.6870406e-02
   7.1866173e-01  -3.7547230e-02
   7.2594344e-01  -4.0970234e-02
   7.2375824e-01  -4.1435102e-02
   7.2605129e-01  -4.7199611e-02
   7.1175518e-01  -4.4026232e-02
   7.2725616e-01  -4.4743420e-02
   7.1665540e-01  -3.5002340e-02
   7.1655320e-01  -3.6009798e-02
   7.1027159e-01  -4.0744570e-02
   7.2572960e-01  -4.7756618e-02
   7.2194542e-01  -3.8106583e-02
   7.2014930e-01  -4.0323549e-02
   7.2990885e-01  -3.7523628e-02
   7.2306870e-01  -4.3744283e-02
   7.1472507e-01  -4.5809275e-02
   7.1117947e-01  -3.7720875e-02
   7.2535096e-01  -3.6833373e-02
   7.1804797e-01  -4.4408236e-02
   7.2191698e-01  -4.5082484e-02
   7.2643851e-01  -4.2994988e-02
   7.2391965e-01  -3.8627145e-02
   7.2400304e-01  -4.0869862e-02
   7.1624237e-01  -3.3620431e-02
   7.2703752e-01  -3.6709296e-02
   7.1843236e-01  -3.7264887e-02
   7.2601745e-01  -3.7991921e-02
   7.1238383e-01  -3.6268044e-02
   7.0942619e-01  -4.1377882e-02
   7.1994904e-01  -3.7631982e-02
   7.0886045e-01  -4.2801337e-02
   7.0903350e-01  -3.4619003e-02
   7.1935005e-01  -3.9096906e-02
   7.2118981e-01  -3.8342923e-02
   7.1804948e-01  -4.2467662e-02
   7.1082253e-01  -4.0566647e-02
   7.0886115e-01  -4.6250821e-02
   7.3203747e-01  -4.4404740e-02
   7.2173525e-01  -4.6317888e-02
   7.2693537e-01  -4.4426434e-02
   7.0900690e-01  -3.3933361e-02
   7.2861228e-01  -4.1686951e-02
   7.1743671e-01  -3.8941052e-02
   7.1414133e-01  -3.3449525e-02
   7.3211106e-01  -4.5999872e-02
   7.2671809e-01  -4.2423451e-02
   7.1117550e-01  -4.4401541e-02
   7.2433476e-01  -3.2887121e-02
   7.1985829e-01  -4.2260784e-02
   7.2926368e-01  -3.7324542e-02
   7.1616792e-01  -4.6222709e-02
   7.1004497e-01  -4.5615539e-02
   7.1220076e-01  -3.8906558e-02
   7.1404208e-01  -3.7044261e-02
   7.1852532e-01  -4.2699046e-02
   7.2822611e-01  -3.7819276e-02
   7.1154273e-01  -4.2406228e-02
   7.2339539e-01  -4.2926179e-02
   7.1334596e-01  -4.4857222e-02
   7.2262571e-01  -4.4342959e-02
   7.1246616e-01  -4.4352561e-02
  -6.1007977e-01  -4.1731302e-02
  -6.1644192e-01  -4.6716731e-02
  -5.9817298e-01  -3.1068757e-02
  -6.1084612e-01  -1.5409809e-02
  -6.1191578e-01   1.8175718e-02
  -6.1811300e-01   3.7891785e-02
  -6.0580422e-01   7.6916178e-02
  -6.0643081e-01   1.0429504e-01
  -6.0305367e-01   1.3796176e-01
  -6.1384816e-01   1.5704890e-01
  -6.1160425e-01   1.9064862e-01
  -6.0486918e-01   2.2234966e-01
  -6.0342286e-01   2.4652087e-01
  -6.2065425e-01   2.6374343e-01
  -6.1489671e-01   2.9298373e-01
  -5.9837281e-01   3.0850644e-01
  -6.0361260e-01   3.3371722e-01
  -6.0908298e-01   3.5387732e-01
  -6.1164079e-01   3.6418762e-01
  -6.0978236e-01   3.7597885e-01
  -5.9725060e-01   3.9991409e-01
  -5.9838446e-01   4.0868934e-01
  -6.0207108e-01   4.1793735e-01
  -6.0279482e-01   4.3407570e-01
  -6.1093389e-01   4.3514436e-01
  -6.1660031e-01   4.5059985e-01
  -6.1173805e-01   4.6083382e-01
  -6.0885073e-01   4.5695647e-01
  -6.1812959e-01   4.6676078e-01
  -6.1435981e-01   4.7670890e-01
  -6.1445874e-01   4.7987253e-01
  -6.0640166e-01   4.8741229e-01
  -5.9958273e-01   4.9126966e-01
  -6.0982791e-01   4.9290250e-01
  -5.9968916e-01   4.8935492e-01
  -6.0779890e-01   5.0201878e-01
  -6.0647995e-01   5.0404156e-01
  -5.9976006e-01   5.0958457e-01
  -6.2017922e-01   4.9973155e-01
  -6.1623407e-01   5.0427474e-01
  -6.0126258e-01   5.0598849e-01
  -6.0433323e-01   5.0840965e-01
  -6.1210359e-01   5.0943497e-01
  -6.0647181e-01   5.1088471e-01
  -6.0450771e-01   5.1338301e-01
  -5.9831658e-01   5.1808527e-01
  -6.0695703e-01   5.2248096e-01
  -6.1255806e-01   5.1569072e-01
  -6.1737900e-01   5.1958745e-01
  -6.1116252e-01   5.1450197e-01
  -6.0652043e-01   5.2735435e-01
  -6.1982262e-01   5.1774459e-01
  -6.2008227e-01   5.2663190e-01
  -6.0510191e-01   5.1729992e-01
  -5.9974697e-01   5.2558157e-01
  -6.2046399e-01   5.2033556e-01
  -6.1494788e-01   5.2374338e-01
  -6.0455419e-01   5.2133236e-01
  -6.1775752e-01   5.1864125e-01
  -6.1884580e-01   5.1912919e-01
  -6.1118120e-01   5.2066595e-01
  -6.1528930e-01   5.2632033e-01
  -6.1170075e-01   5.1891237e-01
  -6.0750608e-01   5.2950948e-01
  -6.1045434e-01   5.2711878e-01
  -6.1278724e-01   5.2618714e-01
  -5.9723798e-01   5.2246984e-01
  -6.0399386e-01   5.3187429e-01
  -6.0463179e-01   5.2771712e-01
   7.7824663e-02   5.2921942e-01
   9.1379330e-02   5.3177324e-01
   7.6016102e-02   5.1744943e-01
   8.4780522e-02   5.0055924e-01
   6.8293272e-02   4.7399463e-01
   7.0846906e-02   4.5757513e-01
   8.7335330e-02   4.2807430e-01
   8.7704249e-02   4.0872410e-01
   7.6329349e-02   3.7930209e-01
   6.7900454e-02   3.4692597e-01
   8.9384312e-02   3.2285055e-01
   7.7979458e-02   3.0548351e-01
   8.4725044e-02   2.8593944e-01
   8.9589643e-02   2.5836425e-01
   8.0009161e-02   2.4608478e-01
   7.2032005e-02   2.2460518e-01
   8.1867303e-02   2.0975596e-01
   7.9077221e-02   1.8848865e-01
   6.9942762e-02   1.8214060e-01
   8.4314634e-02   1.5858425e-01
   7.5407267e-02   1.4365431e-01
   8.9005345e-02   1.3452503e-01
   7.1092317e-02   1.3501115e-01
   8.7315654e-02   1.2752210e-01
   8.3848059e-02   1.1469030e-01
   8.2901475e-02   1.1246972e-01
   8.2169673e-02   1.0429165e-01
   7.7503324e-02   9.1701393e-02
   9.1514500e-02   8.8276795e-02
   7.2386617e-02   7.9824661e-02
   7.4912642e-02   7.6511025e-02
   8.9657859e-02   7.1373163e-02
   7.1434711e-02   7.6923899e-02
   7.7683852e-02   6.7907027e-02
   8.2810231e-02   6.4359388e-02
   6.9992208e-02   5.8057047e-02
   6.9706754e-02   5.8613277e-02
   7.0787870e-02   5.3237975e-02
   7.4789106e-02   5.5106267e-02
   8.6658473e-02   5.1375476e-02
   7.9644609e-02   5.0995559e-02
   7.4843516e-02   5.2694755e-02
   7.9406659e-02   4.3198466e-02
   7.2666143e-02   4.1171351e-02
   7.8285354e-02   5.3722155e-02
   8.9710576e-02   4.0537217e-02
   7.3390727e-02   4.7123623e-02
   8.5619092e-02   4.2993861e-02
   7.1112217e-02   3.7301947e-02
   8.7618099e-02   4.0836819e-02
   7.9500460e-02   4.5364704e-02
   8.3080073e-02   3.7648762e-02
   8.4752562e-02   3.5806677e-02
   8.9867537e-02   4.3592032e-02
   9.0662429e-02   3.6616403e-02
   8.9805180e-02   4.0676147e-02
   7.9699033e-02   4.5752487e-02
   7.6849928e-02   3.4796412e-02
   7.4206611e-02   4.1308740e-02
   7.1247650e-02   4.6108930e-02
   7.3266440e-02   4.4913704e-02
   6.9272611e-02   4.3695529e-02
   8.6305850e-02   4.0745796e-02
   7.4618101e-02   4.2378441e-02
   8.0927100e-02   4.1781651e-02
   7.1623034e-02   3.3159843e-02
   8.5226023e-02   3.5868761e-02
   8.8166707e-02   4.5150844e-02
   8.7070938e-02   4.3434306e-02
  -5.7236320e-01   4.3734550e-02
  -5.8639394e-01   3.2283004e-02
  -5.6908554e-01   4.0210942e-02
  -5.6431642e-01   5.3271993e-02
  -5.7650487e-01   7.6666600e-02
  -5.7877323e-01   9.6914526e-02
  -5.6521426e-01   1.1367895e-01
  -5.6971684e-01   1.3010754e-01
  -5.8594650e-01   1.5246336e-01
  -5.8602297e-01   1.7072771e-01
  -5.8482135e-01   2.0111206e-01
  -5.8605456e-01   2.1073371e-01
  -5.8426260e-01   2.3282823e-01
  -5.7403780e-01   2.4491369e-01
  -5.7096289e-01   2.6785835e-01
  -5.7110715e-01   2.8063589e-01
  -5.6383403e-01   2.8449280e-01
  -5.8301435e-01   3.0549061e-01
  -5.6654192e-01   3.1334834e-01
  -5.7329424e-01   3.1968561e-01
  -5.7120915e-01   3.2994669e-01
  -5.7842316e-01   3.3703436e-01
  -5.7895767e-01   3.4472511e-01
  -5.7113880e-01   3.5528575e-01
  -5.8551031e-01   3.6895548e-01
  -5.8297986e-01   3.6193508e-01
  -5.7543935e-01   3.8091578e-01
  -5.8281896e-01   3.8098298e-01
  -5.7561608e-01   3.8514061e-01
  -5.6983523e-01   3.8827716e-01
  -5.6612630e-01   3.9035317e-01
  -5.7793753e-01   3.8859356e-01
  -5.8583925e-01   3.9181259e-01
  -5.7457267e-01   4.0212995e-01
  -5.7851216e-01   4.0691992e-01
  -5.6671872e-01   3.9858245e-01
  -5.6425251e-01   4.0423670e-01
  -5.8581418e-01   4.0071300e-01
  -5.7635684e-01   4.0310416e-01
  -5.6279305e-01   4.1597808e-01
  -5.7740839e-01   4.0966677e-01
  -5.6688485e-01   4.0980316e-01
  -5.6470198e-01   4.1765883e-01
  -5.6315158e-01   4.2108445e-01
  -5.7737278e-01   4.0914818e-01
  -5.7373341e-01   4.2054162e-01
  -5.6386558e-01   4.2166939e-01
  -5.8536825e-01   4.1654795e-01
  -5.7839754e-01   4.2321474e-01
  -5.7416680e-01   4.2427938e-01
  -5.6390270e-01   4.1879865e-01
  -5.8221942e-01   4.1608395e-01
  -5.8236683e-01   4.1296125e-01
  -5.6325891e-01   4.1947064e-01
  -5.7819967e-01   4.1979621e-01
  -5.6658432e-01   4.1833471e-01
  -5.8497992e-01   4.1930700e-01
  -5.8463976e-01   4.1653331e-01
  -5.7480342e-01   4.2777919e-01
  -5.8341668e-01   4.2675779e-01
  -5.8054450e-01   4.2719389e-01
  -5.6914308e-01   4.2042696e-01
  -5.6707544e-01   4.2149542e-01
  -5.7067380e-01   4.2413025e-01
  -5.7660600e-01   4.2683000e-01
  -5.7553580e-01   4.1479413e-01
  -5.7561774e-01   4.1898803e-01
  -5.7625275e-01   4.2089879e-01
  -5.6762246e-01   4.1541516e-01
  -2.3760057e-02   4.2443115e-01
  -3.0624974e-02   4.1538702e-01
  -2.8365017e-02   4.1011489e-01
  -1.5069741e-02   3.9948752e-01
  -1.7622330e-02   3.8647005e-01
  -2.9639117e-02   3.5775497e-01
  -9.6304570e-03   3.3032547e-01
  -1.1375382e-02   3.1609956e-01
  -2.1306455e-02   2.8834606e-01
  -2.3868077e-02   2.6364547e-01
  -2.3978573e-02   2.3877912e-01
  -2.8581024e-02   2.2273145e-01
  -1.2054818e-02   2.0938245e-01
  -2.9686546e-02   1.8433377e-01
  -1.1284400e-02   1.7232914e-01
  -1.9517474e-02   1.5376106e-01
  -2.1172476e-02   1.3670712e-01
  -2.8855544e-02   1.2719737e-01
  -1.2304501e-02   1.1582887e-01
  -2.5127337e-02   1.0700025e-01
  -2.6239313e-02   8.9307112e-02
  -3.0356433e-02   8.2885244e-02
  -1.1952154e-02   7.7914043e-02
  -2.8605994e-02   6.5300259e-02
  -2.1600626e-02   5.5555727e-02
  -2.0276037e-02   4.9696057e-02
  -1.4041632e-02   4.7428248e-02
  -3.0857324e-02   3.7443796e-02
  -1.8120580e-02   4.1253881e-02
  -1.1981324e-02   3.1358222e-02
  -3.2231633e-02   3.1127637e-02
  -3.2035222e-02   2.4293539e-02
  -2.7608830e-02   1.8474659e-02
  -2.7340882e-02   1.8475545e-02
  -1.7751138e-02   1.9552423e-02
  -1.2546563e-02   1.8920326e-02
  -1.5932134e-02   1.6666467e-02
  -1.6054422e-02   6.6201717e-03
  -2.8471048e-02   6.8440035e-03
  -8.4832957e-03   9.6991930e-03
  -2.5619699e-02   6.3846163e-03
  -3.1181473e-02   5.9400021e-03
  -2.6157541e-02  -1.0729174e-03
  -2.8574509e-02   6.2238883e-03
  -1.9551973e-02  -2.6248707e-03
  -2.2038206e-02   3.4919240e-03
  -2.7127542e-02  -2.2442463e-03
  -1.9729656e-02   3.5399990e-03
  -2.2879754e-02  -6.4869588e-03
  -2.7586385e-02   2.5371135e-03
  -2.3902039e-02   5.6813503e-04
  -1.8955808e-02  -7.8980971e-03
  -2.8953082e-02  -2.7221426e-04
  -2.3319514e-02  -6.8815935e-03
  -2.0517593e-02  -6.3510534e-03
  -2.6958873e-02  -5.4275525e-03
  -1.3925272e-02  -2.6142961e-03
  -9.8771118e-03  -7.4135379e-04
  -1.8609720e-02  -1.2730270e-02
  -1.1885081e-02  -4.1892390e-03
  -1.9006210e-02  -9.9044664e-03
  -8.8013324e-03  -1.4098690e-02
  -2.3033575e-02  -3.4772841e-03
  -2.9233313e-02  -5.7927049e-04
  -1.1463368e-02  -6.0443049e-03
  -3.1172893e-02  -2.6090851e-03
  -1.9359399e-02  -1.2742136e-02
  -2.7244482e-02  -2.3100275e-03
  -1.2816774e-02  -8.2279954e-03
  -2.5993339e-01  -5.2986234e-03
  -2.4748051e-01  -8.5205565e-03
  -2.5009262e-01  -4.1653041e-03
  -2.6530623e-01  -1.1583296e-02
  -2.5207916e-01  -5.2205247e-03
  -2.4793751e-01  -1.6904737e-02
  -2.4671741e-01  -6.2852695e-03
  -2.6613403e-01  -2.1398190e-02
  -2.4334693e-01  -1.3621189e-02
  -2.4900548e-01  -1.1768132e-02
  -2.5243838e-01  -2.2957627e-02
  -2.5171402e-01  -2.0427265e-02
  -2.4276984e-01  -1.4370908e-02
  -2.5587820e-01  -2.3576965e-02
  -2.5621605e-01  -2.0697764e-02
  -2.6393477e-01  -1.7797182e-02
  -2.5818167e-01  -2.1688849e-02
  -2.6070378e-01  -2.7126359e-02
  -2.6223069e-01  -2.2401460e-02
  -2.5635916e-01  -2.9443947e-02
  -2.4338723e-01  -2.1359612e-02
  -2.4705472e-01  -2.4423445e-02
  -2.5625461e-01  -2.2627240e-02
  -2.4254704e-01  -3.3999767e-02
  -2.5420068e-01  -3.4448721e-02
  -2.5233119e-01  -2.5235203e-02
  -2.5071146e-01  -3.3536641e-02
  -2.5362835e-01  -3.3456664e-02
  -2.5303550e-01  -3.2363597e-02
  -2.5632983e-01  -2.9009966e-02
  -2.6071554e-01  -3.5173080e-02
  -2.4680621e-01  -3.1731996e-02
  -2.6164490e-01  -2.6250513e-02
  -2.5317869e-01  -3.8265370e-02
  -2.5981449e-01  -3.5451110e-02
  -2.5642498e-01  -3.0674132e-02
  -2.4503971e-01  -3.1223612e-02
  -2.6499193e-01  -2.5850939e-02
  -2.5024293e-01  -3.3993375e-02
  -2.4744389e-01  -3.6395640e-02
  -2.5761998e-01  -2.6029557e-02
  -2.5397079e-01  -2.8679807e-02
  -2.4620941e-01  -2.9682325e-02
  -2.4388625e-01  -2.5369247e-02
  -2.5197641e-01  -3.2265923e-02
  -2.5053722e-01  -3.8267551e-02
  -2.5872369e-01  -3.7483342e-02
  -2.6566304e-01  -3.0468837e-02
  -2.6580472e-01  -3.2854194e-02
  -2.5101303e-01  -3.7873026e-02
  -2.5009097e-01  -2.6330870e-02
  -2.6279511e-01  -3.5516409e-02
  -2.4537885e-01  -3.2148656e-02
  -2.6501423e-01  -2.6535737e-02
  -2.5791249e-01  -3.4127782e-02
  -2.5097341e-01  -2.7926351e-02
  -2.6507321e-01  -3.5708294e-02
  -2.5747278e-01  -3.2534047e-02
  -2.5393873e-01  -2.9663102e-02
  -2.5809523e-01  -3.0818864e-02
  -2.6387090e-01  -3.9166307e-02
  -2.5413535e-01  -3.4474385e-02
  -2.5156974e-01  -3.1371004e-02
  -2.4586858e-01  -3.8471211e-02
  -2.4986354e-01  -2.9069987e-02
  -2.4793211e-01  -2.6671614e-02
  -2.5542814e-01  -3.1256191e-02
  -2.5754430e-01  -3.7036436e-02
  -2.5147284e-01  -3.7533159e-02
  -9.3202684e-01  -3.3756135e-02
  -9.2781718e-01  -3.7253918e-02
  -9.3562109e-01   1.1599689e-02
  -9.2499795e-01   8.8546067e-02
  -9.2739386e-01   1.9702298e-01
  -9.4229058e-01   3.1057159e-01
  -9.4350636e-01   4.3143685e-01
  -9.4112102e-01   5.6694363e-01
  -9.2966585e-01   6.9067207e-01
  -9.3414498e-01   8.0755004e-01
  -9.3247718e-01   9.2778931e-01
  -9.4254359e-01   1.0409066e+00
  -9.3572742e-01   1.1497328e+00
  -9.4572643e-01   1.2489252e+00
  -9.2781139e-01   1.3419228e+00
  -9.3886252e-01   1.4343535e+00
  -9.4706470e-01   1.5153077e+00
  -9.2942650e-01   1.5889027e+00
  -9.3171888e-01   1.6536619e+00
  -9.3346711e-01   1.7160102e+00
  -9.3125064e-01   1.7718883e+00
  -9.3947767e-01   1.8244281e+00
  -9.4539055e-01   1.8645466e+00
  -9.2914229e-01   1.9166746e+00
  -9.4271362e-01   1.9497342e+00
  -9.3496355e-01   1.9839697e+00
  -9.3156345e-01   2.0193790e+00
  -9.4745474e-01   2.0495844e+00
  -9.3275812e-01   2.0792405e+00
  -9.3242529e-01   2.0948664e+00
  -9.2962098e-01   2.1176517e+00
  -9.3490773e-01   2.1344563e+00
  -9.3041132e-01   2.1554621e+00
  -9.4205772e-01   2.1680521e+00
  -9.3622414e-01   2.1886156e+00
  -9.3649750e-01   2.2000645e+00
  -9.3032906e-01   2.2106754e+00
  -9.4095908e-01   2.2173386e+00
  -9.4163593e-01   2.2264023e+00
  -9.2528741e-01   2.2436657e+00
  -9.2395012e-01   2.2460257e+00
  -9.3740482e-01   2.2468100e+00
  -9.3272856e-01   2.2609117e+00
  -9.3801559e-01   2.2679546e+00
  -9.3836848e-01   2.2756282e+00
  -9.3120897e-01   2.2800076e+00
  -9.4267866e-01   2.2737082e+00
  -9.3715658e-01   2.2870239e+00
  -9.3799234e-01   2.2859691e+00
  -9.2606393e-01   2.2863176e+00
  -9.3388847e-01   2.2851610e+00
  -9.4234937e-01   2.2989365e+00
  -9.3195687e-01   2.2888592e+00
  -9.4419928e-01   2.2994256e+00
  -9.4686648e-01   2.2940475e+00
  -9.3904809e-01   2.3050018e+00
  -9.4744773e-01   2.2972930e+00
  -9.3465773e-01   2.3050851e+00
  -9.3050617e-01   2.3037632e+00
  -9.4456335e-01   2.3068568e+00
  -9.2507803e-01   2.3063302e+00
  -9.3898642e-01   2.3138894e+00
  -9.3943462e-01   2.3079965e+00
  -9.4648997e-01   2.3087336e+00
  -9.3908185e-01   2.3114752e+00
  -9.2406085e-01   2.3116707e+00
  -9.3113727e-01   2.3066276e+00
  -9.2781296e-01   2.3055697e+00
  -9.2936207e-01   2.3089962e+00
  -5.1098269e-01   2.3151054e+00
  -4.9198239e-01   2.3084124e+00
  -5.0574548e-01   2.2759979e+00
  -5.0867294e-01   2.1951441e+00
  -4.9521359e-01   2.1086949e+00
  -5.0175118e-01   2.0045373e+00
  -5.0624382e-01   1.9005544e+00
  -5.0684838e-01   1.7954958e+00
  -5.0381617e-01   1.6783172e+00
  -4.9651351e-01   1.5631152e+00
  -4.9718166e-01   1.4599899e+00
  -5.0488439e-01   1.3610684e+00
  -4.9433027e-01   1.2721109e+00
  -5.0788768e-01   1.1784351e+00
  -4.9809110e-01   1.0985737e+00
  -4.9410548e-01   1.0276018e+00
  -5.0759601e-01   9.5668953e-01
  -5.0768432e-01   8.8768577e-01
  -4.9655201e-01   8.2773216e-01
  -5.0497787e-01   7.7275166e-01
  -5.1079188e-01   7.2227900e-01
  -5.0971633e-01   6.7750613e-01
  -4.9330991e-01   6.3445323e-01
  -4.9577460e-01   5.9645427e-01
  -5.0570497e-01   5.6076837e-01
  -5.0196448e-01   5.2585414e-01
  -5.0577927e-01   5.0892599e-01
  -4.9428133e-01   4.7145108e-01
  -5.1150069e-01   4.6153453e-01
  -4.9553684e-01   4.3391383e-01
  -4.9400317e-01   4.0887094e-01
  -5.0657612e-01   3.9575402e-01
  -4.9627785e-01   3.8659931e-01
  -5.0872812e-01   3.7215574e-01
  -4.9349384e-01   3.4992662e-01
  -4.9365065e-01   3.5047894e-01
  -5.0559475e-01   3.3826226e-01
  -5.1083299e-01   3.2654793e-01
  -5.0896631e-01   3.1245812e-01
  -5.0659527e-01   3.1352469e-01
  -4.8885966e-01   2.9718862e-01
  -5.1155715e-01   3.0066667e-01
  -4.9809321e-01   2.8921108e-01
  -4.9819777e-01   2.7942157e-01
  -4.9138307e-01   2.7631198e-01
  -5.0074377e-01   2.7803722e-01
  -5.0928958e-01   2.7969861e-01
  -4.9935913e-01   2.7137832e-01
  -5.0152578e-01   2.7094370e-01
  -4.9018892e-01   2.6772785e-01
  -4.9211380e-01   2.5613803e-01
  -4.8850027e-01   2.6300126e-01
  -5.0292789e-01   2.5900852e-01
  -5.0994345e-01   2.6108160e-01
  -5.1241700e-01   2.4985688e-01
  -5.0769683e-01   2.5696005e-01
  -4.9530763e-01   2.5560238e-01
  -4.9005702e-01   2.5474446e-01
  -5.1155074e-01   2.4975177e-01
  -4.9774613e-01   2.5610374e-01
  -4.9491853e-01   2.4324875e-01
  -4.9424578e-01   2.5429130e-01
  -4.8956637e-01   2.4191582e-01
  -5.0577413e-01   2.5155451e-01
  -4.9476764e-01   2.4742532e-01
  -5.0492248e-01   2.4334732e-01
  -5.0500169e-01   2.5092130e-01
  -4.9166293e-01   2.4483831e-01
  -5.0735252e-01   2.3846167e-01
   1.5656240e-01   2.4363589e-01
   1.7694294e-01   2.5130977e-01
   1.6596370e-01   2.3594727e-01
   1.7256651e-01   2.3881979e-01
   1.7158095e-01   2.2129405e-01
   1.6764884e-01   2.2341130e-01
   1.6666521e-01   2.1337069e-01
   1.6363031e-01   2.0701633e-01
   1.6780708e-01   1.9175441e-01
   1.5938088e-01   1.9140779e-01
   1.5780786e-01   1.7808453e-01
   1.6038546e-01   1.7206619e-01
   1.7398948e-01   1.6806325e-01
   1.6361070e-01   1.5414585e-01
   1.7146242e-01   1.4763197e-01
   1.7234765e-01   1.4688839e-01
   1.6533170e-01   1.3350894e-01
   1.6412935e-01   1.2658356e-01
   1.6793604e-01   1.2363295e-01
   1.6711266e-01   1.2510972e-01
   1.6452071e-01   1.2245901e-01
   1.6975902e-01   1.1956272e-01
   1.6058275e-01   1.0859503e-01
   1.6780059e-01   1.1009515e-01
   1.6022456e-01   1.0832974e-01
   1.6942420e-01   9.8222929e-02
   1.5666455e-01   1.0255123e-01
   1.7007766e-01   1.0207692e-01
   1.7626229e-01   9.6922586e-02
   1.6989189e-01   1.0003324e-01
   1.6726380e-01   8.9057730e-02
   1.7771561e-01   9.3464394e-02
   1.6079028e-01   9.0176024e-02
   1.6244454e-01   9.4186637e-02
   1.6590179e-01   8.7219275e-02
   1.7356976e-01   8.1092580e-02
   1.7745727e-01   8.6367579e-02
   1.7439680e-01   9.2782628e-02
   1.7320209e-01   8.3926197e-02
   1.6321670e-01   9.0754832e-02
   1.5547811e-01   8.7186850e-02
   1.6926985e-01   8.9829479e-02
   1.7391765e-01   8.4870094e-02
   1.7383297e-01   8.1345783e-02
   1.7400735e-01   8.8976562e-02
   1.5725805e-01   7.8252530e-02
   1.7192155e-01   8.6570075e-02
   1.7368135e-01   8.1108824e-02
   1.6002528e-01   7.6023516e-02
   1.5544505e-01   7.8985304e-02
   1.7548580e-01   8.5432707e-02
   1.5566998e-01   8.7059776e-02
   1.7452797e-01   8.5930924e-02
   1.6500891e-01   7.9723634e-02
   1.7526302e-01   7.6259298e-02
   1.7148633e-01   7.9584043e-02
   1.7653954e-01   7.4606144e-02
   1.7445874e-01   8.2107265e-02
   1.7128643e-01   8.0411005e-02
   1.6580686e-01   7.4622272e-02
   1.6305669e-01   8.0174070e-02
   1.6200566e-01   8.1581859e-02
   1.7172466e-01   7.7148426e-02
   1.5793090e-01   8.2506414e-02
   1.7185598e-01   7.5253749e-02
   1.6037469e-01   7.9700424e-02
   1.6217141e-01   7.4934842e-02
   1.7022901e-01   8.0545755e-02
   1.5607451e-01   8.6495889e-02
  -9.3638791e-01   7.5103952e-02
  -9.5424345e-01   8.4748123e-02
  -9.4659303e-01   1.2048040e-01
  -9.5155456e-01   2.0891620e-01
  -9.4776557e-01   3.0947865e-01
  -9.4605713e-01   4.2163066e-01
  -9.4073404e-01   5.3382933e-01
  -9.5512463e-01   6.6313168e-01
  -9.4931899e-01   7.9238669e-01
  -9.3425863e-01   9.0118118e-01
  -9.3728938e-01   1.0197234e+00
  -9.3739287e-01   1.1400269e+00
  -9.4166528e-01   1.2376288e+00
  -9.3192497e-01   1.3356121e+00
  -9.3460018e-01   1.4283116e+00
  -9.4639347e-01   1.5212701e+00
  -9.3466346e-01   1.5931155e+00
  -9.5302591e-01   1.6639407e+00
  -9.4850220e-01   1.7364077e+00
  -9.3606012e-01   1.7933882e+00
  -9.3235064e-01   1.8546084e+00
  -9.3917385e-01   1.9020196e+00
  -9.5316429e-01   1.9426496e+00
  -9.5156589e-01   1.9923029e+00
  -9.5140040e-01   2.0326704e+00
  -9.3446257e-01   2.0543981e+00
  -9.5010232e-01   2.0872899e+00
  -9.4117388e-01   2.1260662e+00
  -9.5244393e-01   2.1466517e+00
  -9.4460302e-01   2.1634956e+00
  -9.4395847e-01   2.1922312e+00
  -9.3492556e-01   2.2082498e+00
  -9.3585859e-01   2.2294103e+00
  -9.5464763e-01   2.2435196e+00
  -9.3573329e-01   2.2540793e+00
  -9.5309655e-01   2.2737784e+00
  -9.4788994e-01   2.2731726e+00
  -9.3603998e-01   2.2873041e+00
  -9.4738834e-01   2.2962072e+00
  -9.5312077e-01   2.3063559e+00
  -9.3929299e-01   2.3085076e+00
  -9.4350571e-01   2.3205528e+00
  -9.5340822e-01   2.3322125e+00
  -9.5446184e-01   2.3345692e+00
  -9.4504051e-01   2.3383346e+00
  -9.4642265e-01   2.3382114e+00
  -9.4983779e-01   2.3411736e+00
  -9.3429606e-01   2.3556295e+00
  -9.4787730e-01   2.3552210e+00
  -9.3939138e-01   2.3595407e+00
  -9.5230904e-01   2.3523749e+00
  -9.5187894e-01   2.3606008e+00
  -9.4196260e-01   2.3606780e+00
  -9.4906848e-01   2.3721505e+00
  -9.3922071e-01   2.3652771e+00
  -9.3967156e-01   2.3698047e+00
  -9.5288324e-01   2.3690054e+00
  -9.5396434e-01   2.3736941e+00
  -9.5582099e-01   2.3665924e+00
  -9.5360052e-01   2.3727777e+00
  -9.4865490e-01   2.3797358e+00
  -9.4921179e-01   2.3809044e+00
  -9.5429245e-01   2.3740051e+00
  -9.3457052e-01   2.3805878e+00
  -9.4008780e-01   2.3762880e+00
  -9.4105087e-01   2.3826791e+00
  -9.5072719e-01   2.3757946e+00
  -9.3385148e-01   2.3782380e+00
  -9.5293277e-01   2.3776153e+00
  -6.5120409e-01   2.3849668e+00
  -6.4828159e-01   2.3768622e+00
  -6.5395823e-01   2.3422774e+00
  -6.5621028e-01   2.2804625e+00
  -6.4546749e-01   2.2184924e+00
  -6.4585987e-01   2.1276076e+00
  -6.4340570e-01   2.0374228e+00
  -6.3889717e-01   1.9365448e+00
  -6.5310115e-01   1.8489390e+00
  -6.4786370e-01   1.7551773e+00
  -6.5673526e-01   1.6767905e+00
  -6.3965999e-01   1.5823395e+00
  -6.3778909e-01   1.5057823e+00
  -6.3964641e-01   1.4322874e+00
  -6.4145149e-01   1.3703923e+00
  -6.4182160e-01   1.3038071e+00
  -6.3987292e-01   1.2484846e+00
  -6.3648238e-01   1.1839129e+00
  -6.4262837e-01   1.1340483e+00
  -6.4363344e-01   1.0942624e+00
  -6.4980007e-01   1.0519318e+00
  -6.4305128e-01   1.0167202e+00
  -6.3343411e-01   9.7929675e-01
  -6.5613827e-01   9.4017752e-01
  -6.3528749e-01   9.1857377e-01
  -6.5155898e-01   8.9029606e-01
  -6.5444299e-01   8.7119558e-01
  -6.4307781e-01   8.5340764e-01
  -6.4411862e-01   8.2431748e-01
  -6.4037772e-01   8.1451973e-01
  -6.3343886e-01   7.9139486e-01
  -6.3671914e-01   7.8371635e-01
  -6.4958044e-01   7.6676348e-01
  -6.5659627e-01   7.4898640e-01
  -6.5140915e-01   7.4403365e-01
  -6.5206701e-01   7.3854659e-01
  -6.5306353e-01   7.3284990e-01
  -6.3824322e-01   7.2329377e-01
  -6.4872705e-01   7.1106404e-01
  -6.3667657e-01   7.1274498e-01
  -6.5334769e-01   6.9687821e-01
  -6.4889653e-01   7.0184227e-01
  -6.5682774e-01   6.8727518e-01
  -6.4463398e-01   6.8872379e-01
  -6.3859404e-01   6.7877555e-01
  -6.4219732e-01   6.8073233e-01
  -6.5333201e-01   6.7986508e-01
  -6.5398307e-01   6.7815218e-01
  -6.3462988e-01   6.7699060e-01
  -6.3409683e-01   6.6377100e-01
  -6.4430548e-01   6.6106481e-01
  -6.4627215e-01   6.6867005e-01
  -6.5013492e-01   6.6528287e-01
  -6.3859772e-01   6.5547061e-01
  -6.4982453e-01   6.6673636e-01
  -6.5203360e-01   6.6134762e-01
  -6.3745821e-01   6.5636059e-01
  -7.3959465e-01   6.6223656e-01
