  -4.2677779e-01   7.7935409e-02
   8.0276600e-01  -2.6481986e-01
  -6.9141068e-01   8.6191007e-01
   9.0907005e-01  -3.2806337e-01
   4.5074445e-01   2.0665476e-01
  -7.8252697e-01   1.3796073e+00
   5.5210984e-01   3.7754707e-02
  -5.7033839e-01   3.3131342e-01
  -3.1072042e-01   6.7827152e-02
   2.3599633e-01   7.1183713e-02
  -6.2569884e-01   6.0213919e-01
   7.6785845e-01  -1.7586674e-01
   9.6677201e-01  -5.2533423e-01
  -2.6086777e-01  -4.7631788e-02
   1.9432032e-02   6.0734522e-02
  -3.2313216e-01  -3.4927078e-02
  -1.6437260e-01  -7.6922557e-02
   9.1003830e-01  -2.6496233e-01
   4.9178064e-01   1.9236229e-01
  -6.6494374e-01   7.4560996e-01
   6.5824605e-01   1.1625645e-01
   7.0193934e-01  -5.1981422e-02
  -5.8985195e-03  -2.8500918e-02
   2.7810787e-03   3.7924465e-02
   2.2189575e-01   4.8294347e-02
   1.7702399e-01   1.7950186e-01
   8.5748736e-01  -1.7189404e-01
   3.4879352e-01   2.1302498e-01
   2.2245319e-01   4.7656783e-02
   4.2167359e-01   2.3229658e-01
   5.6763576e-01   3.6822331e-02
  -8.9017695e-01   1.9027495e+00
   7.7003578e-01  -1.2931274e-01
  -8.7973482e-01   1.8263972e+00
  -8.0933035e-01   1.4642060e+00
  -6.4843110e-01   7.5263219e-01
  -1.2277296e-01  -5.3804372e-02
   9.1925757e-01  -3.9939316e-01
  -2.3517682e-02  -5.4954333e-02
  -4.3410628e-01   3.8813843e-02
  -8.9643080e-01   2.0332602e+00
  -5.4220435e-02  -9.7733303e-02
   7.0448626e-01   5.8716978e-02
  -9.8670004e-01   2.8527731e+00
   1.5903808e-03   1.0072187e-01
  -6.6374095e-01   6.2230182e-01
  -2.2555568e-01  -7.6464094e-02
  -9.7402222e-01   2.5467185e+00
   1.7577363e-01   8.5242273e-02
  -8.1367012e-03  -1.1400291e-02
  -3.8340610e-01  -3.6773058e-02
  -9.1614359e-01   2.2503800e+00
  -3.0074090e-01   3.8672949e-02
   9.7892167e-01  -4.8618803e-01
  -4.9136365e-01   1.4961254e-01
  -5.3781210e-01   2.6113270e-01
   1.6053600e-02   6.7955055e-02
   5.8979531e-01   8.7296873e-02
  -1.0264579e-01  -1.1536164e-01
   2.2964918e-01   9.7932960e-02
   2.6856336e-01   8.5757616e-02
   7.7322871e-01  -1.7881789e-01
  -9.2987889e-01   2.2292147e+00
   5.4763860e-01   8.4006907e-02
   1.2088769e-01   1.2539010e-01
   1.5775963e-01   3.5950140e-03
   4.7370590e-01   1.9878855e-01
  -5.5227410e-01   2.9549906e-01
  -3.5339048e-01   6.4217283e-02
  -9.3502876e-01   2.2029893e+00
   2.8993145e-01   1.6685961e-01
   9.1024088e-01  -2.8659154e-01
   1.9152173e-01  -2.2095676e-03
   3.0713521e-01   5.8149157e-02
   6.2078576e-01   1.1533607e-01
  -6.7493649e-01   8.6946363e-01
   4.8277859e-01   1.0767235e-01
  -6.9318710e-01   7.8891738e-01
  -7.3160508e-01   1.0263980e+00
   3.5287470e-01   5.6694229e-02
  -3.4480126e-01  -4.6423226e-02
   9.0258121e-02  -1.3717608e-02
  -9.4369377e-01   2.3699287e+00
   9.6933820e-01  -4.2872862e-01
  -1.4925036e-01  -5.8979907e-03
   3.3358163e-01   1.2704226e-01
  -3.3319224e-01  -5.3269742e-02
   6.3699724e-01  -1.0834842e-02
  -3.2728285e-01  -7.3610170e-02
  -4.0233369e-01   4.1375433e-02
  -2.2201950e-01  -1.1109428e-01
   9.7242054e-01  -4.2332093e-01
  -9.3485555e-01   2.3524762e+00
  -7.1802949e-01   1.0084491e+00
  -8.3921307e-02   4.2120954e-02
  -8.2868773e-01   1.4642574e+00
  -6.6708351e-01   6.8913999e-01
  -4.7906329e-02  -1.2821218e-01
   5.1811978e-01   2.1463244e-01
  -6.7883190e-01   8.6442569e-01
  -8.1132989e-01   1.4676366e+00
   9.1129760e-01  -4.4680607e-01
   5.5917872e-01   1.0683730e-01
  -7.0539245e-01   8.7161676e-01
   9.3201570e-01  -4.6171124e-01
  -9.8262667e-01   2.7571331e+00
  -3.3976951e-01  -5.5446897e-02
   2.2260643e-01   7.1656342e-02
  -4.1349277e-01   1.7789190e-01
  -8.4981623e-01   1.7748697e+00
  -4.6036558e-01   2.1500769e-01
  -2.0305818e-02  -1.0638081e-02
   8.6584493e-01  -3.5193595e-01
  -8.8626238e-01   1.8430791e+00
  -4.5045958e-01   1.5963852e-01
  -3.6336698e-01   1.2392704e-01
   2.5568361e-02  -5.7133457e-03
   1.1115188e-02  -6.4238426e-02
   1.1045610e-01   4.9433417e-02
  -4.6069571e-01   8.1125654e-02
   1.9832572e-01   7.5802728e-03
   8.5247607e-01  -3.4238073e-01
  -2.0398764e-01  -8.7364835e-03
  -4.2887057e-02   4.0417153e-02
   5.3627148e-01   7.9749273e-02
   1.3956547e-01   1.1148704e-01
   2.9787799e-01   5.0846944e-02
  -3.5458834e-01   5.4736167e-02
  -1.1241778e-02  -7.9718998e-02
  -1.3411065e-01  -1.1538178e-01
   4.4437534e-01   8.3207618e-02
  -4.9848706e-03  -1.6390186e-02
   5.3883595e-01   1.3701306e-01
   1.3391608e-01   1.1051026e-01
  -6.1111155e-01   5.8004707e-01
  -3.9589940e-01   1.2005931e-01
   1.5851305e-01   1.6509391e-01
  -6.5455770e-01   7.8957941e-01
  -2.8904402e-01  -3.7528296e-02
   8.6752374e-01  -1.7927328e-01
   8.7985518e-01  -3.2717041e-01
  -7.0248741e-01   8.3514856e-01
   9.1055825e-01  -3.2520874e-01
  -1.2743204e-01  -1.4254774e-01
  -9.1099258e-02  -1.2758265e-01
   9.1494724e-01  -3.6475142e-01
   7.2587841e-01  -7.0871506e-02
   8.4010442e-01  -2.0136337e-01
  -9.7632431e-01   2.6235717e+00
   3.4363634e-01   1.9073348e-01
  -5.6784012e-01   3.7139216e-01
   5.7369974e-01   4.5298217e-02
   4.2941691e-01   1.0885736e-01
   2.5303320e-01   9.6912323e-02
   2.4852768e-01   1.1973673e-01
  -2.3610258e-01  -9.1325617e-02
   9.1083645e-01  -4.2393320e-01
  -6.5197373e-01   5.6746563e-01
   8.0528693e-01  -2.1309206e-01
   7.8776455e-01  -1.4631017e-01
  -9.8275790e-01   2.7952396e+00
  -6.2400129e-01   5.9572487e-01
   7.2387722e-01  -5.0266754e-02
   3.0388178e-01   1.5416571e-01
  -4.9429279e-01   1.4272754e-01
  -3.0689333e-01   4.6663708e-02
   2.4308818e-01   1.9724839e-01
   4.4229202e-01   1.5132777e-01
  -8.4167801e-01   1.5744320e+00
   1.6635086e-01   1.4619841e-01
  -8.1700631e-01   1.4456407e+00
   3.3425486e-01   1.2977988e-01
  -1.3611688e-01   5.0180066e-03
   4.2329074e-01   9.8250601e-02
  -3.3357909e-01  -5.2694780e-02
   6.6919476e-01   6.4220737e-02
  -8.7764168e-01   1.9110350e+00
   1.1258945e-01   6.0427128e-03
   5.1783226e-01   8.2275238e-02
   3.2016640e-01   1.6219984e-01
  -1.5632872e-01  -1.4113821e-01
  -9.0692420e-01   2.1663668e+00
  -3.7633978e-01   8.4170077e-03
   1.6600996e-01  -1.7516169e-02
   9.2720834e-01  -4.6036547e-01
   3.8378030e-01   8.6352680e-02
  -5.6940590e-01   4.5509457e-01
   3.9823906e-01   2.1457031e-01
   7.1798608e-01  -7.4225061e-02
   9.4401570e-01  -4.6884453e-01
  -8.2808250e-01   1.4533935e+00
  -6.6274785e-01   7.9417984e-01
   9.9593696e-01  -6.2359338e-01
  -4.9937512e-01   2.1364321e-01
  -2.6735479e-01  -1.3009298e-01
   4.6370791e-01   1.6431997e-01
  -4.5068549e-01   2.3158468e-01
  -1.7948574e-01  -1.4336023e-01
   5.8574895e-01   9.2110978e-02
  -6.4564856e-01   6.8920542e-01
