   2.5746869e-03  -4.9145619e-03
   3.6145146e-03   3.6317710e-04
  -7.3622463e-03  -6.2139241e-03
   7.7865083e-03  -2.6513975e-03
  -1.0584331e-02   2.8673299e-03
   5.1429547e-04  -5.4736865e-04
  -7.8593264e-03   3.7956190e-03
   3.8906937e-03  -4.2997521e-03
  -1.1373451e-02   5.2690563e-03
   9.8999017e-04   5.8003652e-03
  -9.8164385e-01  -6.3939187e-03
  -9.8742834e-01   1.9180974e-03
  -9.9719512e-01   6.0362319e-02
  -9.7907802e-01   1.4192841e-01
  -9.8082951e-01   2.6533024e-01
  -9.8669582e-01   4.0956049e-01
  -9.8998713e-01   5.4893474e-01
  -9.7915233e-01   6.9964242e-01
  -9.8971855e-01   8.3670629e-01
  -9.7850764e-01   9.8191245e-01
  -9.8417586e-01   1.1210415e+00
  -9.9713908e-01   1.2564227e+00
  -9.8421317e-01   1.3908703e+00
  -9.8060036e-01   1.4977800e+00
  -9.7768190e-01   1.6062013e+00
  -9.8293372e-01   1.7152258e+00
  -9.9016932e-01   1.8106528e+00
  -9.8922849e-01   1.8901574e+00
  -9.7774454e-01   1.9741715e+00
  -9.8627892e-01   2.0461933e+00
  -9.7741239e-01   2.1129077e+00
  -9.7462831e-01   2.1716156e+00
  -9.8540019e-01   2.2325026e+00
  -9.8916017e-01   2.2834713e+00
  -9.8130069e-01   2.3199268e+00
  -9.8099135e-01   2.3675418e+00
  -9.9089426e-01   2.4000666e+00
  -9.8642421e-01   2.4359470e+00
  -9.9078166e-01   2.4695953e+00
  -9.9003501e-01   2.4961014e+00
  -9.8995311e-01   2.5131675e+00
  -9.7705184e-01   2.5458433e+00
  -9.8284856e-01   2.5690594e+00
  -9.8198628e-01   2.5861351e+00
  -9.7966890e-01   2.5949427e+00
  -9.9200488e-01   2.6130656e+00
  -9.8214976e-01   2.6213482e+00
  -9.9440557e-01   2.6408670e+00
  -9.7394779e-01   2.6493358e+00
  -9.8977148e-01   2.6575970e+00
  -9.8349968e-01   2.6630081e+00
  -9.7976101e-01   2.6711086e+00
  -9.8771077e-01   2.6783755e+00
  -9.8056770e-01   2.6836363e+00
  -9.8208731e-01   2.6977566e+00
  -9.8441574e-01   2.7019449e+00
  -9.8506786e-01   2.7074601e+00
  -9.8147342e-01   2.7126415e+00
  -9.8087873e-01   2.7145951e+00
  -9.7516424e-01   2.7139555e+00
  -9.9152564e-01   2.7234177e+00
  -9.7904340e-01   2.7286347e+00
  -9.7563180e-01   2.7208961e+00
  -9.9484762e-01   2.7345835e+00
  -9.8711729e-01   2.7363253e+00
  -9.7474877e-01   2.7253707e+00
  -9.8794384e-01   2.7327958e+00
  -9.9161664e-01   2.7392889e+00
  -9.7416513e-01   2.7380192e+00
  -9.8478130e-01   2.7408524e+00
  -9.8730947e-01   2.7348959e+00
  -9.8320392e-01   2.7365665e+00
  -9.9340738e-01   2.7421633e+00
  -9.8688676e-01   2.7369890e+00
  -9.9088219e-01   2.7376674e+00
  -9.8172007e-01   2.7412637e+00
  -9.9722265e-01   2.7482999e+00
  -9.8777121e-01   2.7473480e+00
  -9.9660878e-01   2.7487830e+00
  -1.0840910e-01   2.7432681e+00
  -1.2211855e-01   2.7449922e+00
  -1.0813904e-01   2.6918127e+00
  -1.2312845e-01   2.5959985e+00
  -1.2407029e-01   2.4791430e+00
  -1.2746220e-01   2.3370134e+00
  -1.0862985e-01   2.1885641e+00
  -1.0865443e-01   2.0419449e+00
  -1.2687570e-01   1.8975409e+00
  -1.2189993e-01   1.7493022e+00
  -1.1231409e-01   1.6037572e+00
  -1.2808507e-01   1.4652482e+00
  -1.1254786e-01   1.3495412e+00
  -1.2314243e-01   1.2183177e+00
  -1.1990038e-01   1.1195253e+00
  -1.1599282e-01   1.0135460e+00
  -1.2632958e-01   9.0799835e-01
  -1.2213716e-01   8.2284225e-01
  -1.2412815e-01   7.4076752e-01
  -1.2943397e-01   6.7527928e-01
  -1.2507840e-01   6.1099194e-01
  -1.0896528e-01   5.4298746e-01
  -1.2279446e-01   4.8238834e-01
  -1.0656689e-01   4.3503941e-01
  -1.2810666e-01   3.8871102e-01
  -1.0717750e-01   3.5212882e-01
  -1.2470101e-01   3.1865997e-01
  -1.1704804e-01   2.7501385e-01
  -1.2119668e-01   2.5376967e-01
  -1.0700116e-01   2.1397896e-01
  -1.2474191e-01   1.9262243e-01
  -1.1092824e-01   1.6639563e-01
  -1.1309123e-01   1.4759641e-01
  -1.2799409e-01   1.2472097e-01
  -1.1370354e-01   1.1954985e-01
  -1.1462049e-01   9.4362417e-02
  -1.1924943e-01   8.2385090e-02
  -1.2697131e-01   7.6840040e-02
  -1.2276161e-01   5.8892232e-02
  -1.1867746e-01   5.6323877e-02
  -1.0930600e-01   4.7662615e-02
  -1.2692770e-01   2.9135691e-02
  -1.1404571e-01   2.9049233e-02
  -1.2963904e-01   2.3074417e-02
  -1.1255714e-01   1.1454674e-02
  -1.1551675e-01   2.7624331e-03
  -1.0680456e-01   5.7893956e-03
  -1.2954952e-01  -5.8128497e-03
  -1.2459202e-01   2.0576696e-03
  -1.1256566e-01  -1.3701033e-02
  -1.1185688e-01  -1.0558580e-02
  -1.1255602e-01  -1.4813945e-02
  -1.2414603e-01  -2.1033578e-02
  -1.1360429e-01  -1.4280598e-02
  -1.2469403e-01  -2.6267362e-02
  -1.2222362e-01  -2.5434941e-02
  -1.2661126e-01  -2.9383155e-02
  -1.1789731e-01  -2.0414956e-02
  -1.1594100e-01  -2.8565633e-02
  -1.1943348e-01  -2.4102588e-02
  -1.1722606e-01  -3.2165651e-02
  -1.2973422e-01  -2.7304902e-02
  -1.2144951e-01  -2.4266869e-02
  -1.2767024e-01  -2.9405108e-02
  -1.0779395e-01  -3.8840377e-02
  -1.2660308e-01  -3.6501211e-02
  -1.2236339e-01  -2.9079688e-02
  -1.2159218e-01  -3.5941643e-02
  -1.2728619e-01  -3.2238201e-02
   4.9752071e-01  -4.0374005e-02
   4.9515880e-01  -3.4235998e-02
   4.8631641e-01  -3.7051080e-02
   5.0681777e-01  -3.2624409e-02
   4.9303612e-01  -2.4815050e-02
   4.9588842e-01  -1.0362316e-02
   4.9288332e-01  -1.4177833e-03
   4.9876290e-01   5.5177796e-03
   4.8748268e-01   1.0505439e-02
   4.8905178e-01   2.2424089e-02
   4.9086744e-01   3.1097914e-02
   5.0861083e-01   4.4351310e-02
   4.8784826e-01   5.5614265e-02
   5.0893082e-01   6.2473724e-02
   4.9210299e-01   6.8648834e-02
   4.9989439e-01   6.7206255e-02
   4.8691184e-01   7.6602797e-02
   5.0737228e-01   8.4190636e-02
   5.0242492e-01   8.2871060e-02
   4.9400999e-01   9.6057136e-02
   4.9875803e-01   8.9382680e-02
   5.0854367e-01   9.5891831e-02
   4.9826908e-01   1.0469581e-01
   4.9314650e-01   1.0068006e-01
   4.9346308e-01   1.1104234e-01
   4.8966524e-01   1.1059424e-01
   5.0440084e-01   1.1551570e-01
   4.8937075e-01   1.0766050e-01
   5.0775958e-01   1.0915993e-01
   4.9211546e-01   1.1869002e-01
   4.8820126e-01   1.1824381e-01
   5.0375786e-01   1.1988906e-01
   5.0365811e-01   1.1979117e-01
   4.8605840e-01   1.2080110e-01
   5.0736790e-01   1.2559498e-01
   4.9669867e-01   1.2779788e-01
   4.8628141e-01   1.2755402e-01
   4.8986656e-01   1.2108846e-01
   4.8853314e-01   1.2030508e-01
   5.0196672e-01   1.3246039e-01
   4.9916148e-01   1.3450277e-01
   5.0946091e-01   1.2931978e-01
   5.0644344e-01   1.2632128e-01
   4.9794946e-01   1.2607166e-01
   5.0817894e-01   1.3317909e-01
   5.0335535e-01   1.2556792e-01
   5.0378006e-01   1.2516469e-01
   4.9196716e-01   1.3522189e-01
   5.0862705e-01   1.3100206e-01
   5.0675232e-01   1.2849631e-01
   4.9022803e-01   1.3065194e-01
   4.9293455e-01   1.3233075e-01
   4.9657355e-01   1.3306462e-01
   5.0755868e-01   1.2606681e-01
   4.8924271e-01   1.2668430e-01
   4.9459809e-01   1.3212848e-01
   4.9655693e-01   1.3585919e-01
   4.8952192e-01   1.3461630e-01
   5.0021067e-01   1.3382794e-01
   5.0586680e-01   1.2632757e-01
   5.0480312e-01   1.3107385e-01
   4.9364097e-01   1.2915750e-01
   5.0398460e-01   1.2928019e-01
   4.9509608e-01   1.2682592e-01
   4.9667062e-01   1.3651980e-01
   5.0302474e-01   1.2900928e-01
   4.9575017e-01   1.2990965e-01
   5.0228006e-01   1.3785813e-01
   5.0904937e-01   1.3386866e-01
  -5.9774276e-01   1.3279209e-01
  -6.0387705e-01   1.3236675e-01
  -5.9716464e-01   1.4726521e-01
  -6.0747040e-01   1.5906233e-01
  -6.0776584e-01   1.7268947e-01
  -6.1285164e-01   1.9426121e-01
  -6.0518604e-01   2.0702746e-01
  -6.1579512e-01   2.3466265e-01
  -5.9554559e-01   2.5359691e-01
  -6.0360011e-01   2.7448861e-01
  -6.0739270e-01   2.8981128e-01
  -6.0648180e-01   3.0261287e-01
  -6.0158887e-01   3.2182782e-01
  -6.0059245e-01   3.4980434e-01
  -6.1069831e-01   3.6288920e-01
  -6.0705772e-01   3.7345316e-01
  -6.1393553e-01   3.7980598e-01
  -6.0814666e-01   4.0236972e-01
  -6.0864315e-01   4.0388726e-01
  -6.0739337e-01   4.1541260e-01
  -6.1656622e-01   4.3376338e-01
  -6.0676648e-01   4.4139095e-01
  -5.9615359e-01   4.4750873e-01
  -5.9468625e-01   4.5376120e-01
  -6.0804086e-01   4.6039697e-01
  -6.1370467e-01   4.6896887e-01
  -6.1472526e-01   4.7397680e-01
  -6.1061253e-01   4.6982088e-01
  -6.1117252e-01   4.7700337e-01
  -6.0402187e-01   4.7581812e-01
  -6.1783937e-01   4.8813605e-01
  -6.1607952e-01   4.9301768e-01
  -6.1090376e-01   4.8727058e-01
  -6.1746515e-01   4.9038022e-01
  -5.9892379e-01   4.9894654e-01
  -6.1572295e-01   4.9547043e-01
  -5.9989854e-01   5.0567510e-01
  -6.0004848e-01   5.0899347e-01
  -6.0221264e-01   5.0386350e-01
  -6.0192814e-01   5.0631073e-01
  -6.0873928e-01   4.9991103e-01
  -6.1514040e-01   5.0104569e-01
  -6.1003237e-01   5.0992816e-01
  -6.1620837e-01   5.0760186e-01
  -6.0162862e-01   5.0676383e-01
  -6.1255098e-01   5.0917604e-01
  -6.0749267e-01   5.1230665e-01
  -6.1033185e-01   5.0694845e-01
  -6.1784531e-01   5.1010332e-01
  -5.9462050e-01   5.1423446e-01
  -6.0632181e-01   5.1476809e-01
  -6.0568106e-01   5.1302172e-01
  -5.9978327e-01   5.1185164e-01
  -5.9519033e-01   5.0883424e-01
  -6.0629813e-01   5.0862047e-01
  -6.0410433e-01   5.2005385e-01
  -6.0537899e-01   5.1717422e-01
  -6.0934943e-01   5.2213361e-01
  -6.0331546e-01   5.1623136e-01
  -6.0171196e-01   5.1753784e-01
  -6.0489286e-01   5.1229788e-01
  -6.1723767e-01   5.0940910e-01
  -6.0852093e-01   5.1147392e-01
  -6.0823218e-01   5.1253435e-01
  -6.1651457e-01   5.1878360e-01
  -6.0329111e-01   5.1276380e-01
  -6.0616336e-01   5.1161699e-01
  -6.1530353e-01   5.2337858e-01
  -6.0500381e-01   5.1017834e-01
  -7.4583221e-02   5.1145651e-01
  -6.7110421e-02   5.1368052e-01
  -5.6771387e-02   5.1134912e-01
  -6.5224789e-02   4.8914714e-01
  -6.7277729e-02   4.6448054e-01
  -6.3815230e-02   4.3148772e-01
  -5.2711365e-02   4.0743816e-01
  -5.8309767e-02   3.7971800e-01
  -6.5010661e-02   3.5024334e-01
  -6.5970674e-02   3.1757918e-01
  -6.7607618e-02   2.9534692e-01
  -7.1667657e-02   2.7472624e-01
  -6.7067142e-02   2.4347144e-01
  -7.3825113e-02   2.1414823e-01
  -5.8992722e-02   1.9464221e-01
  -6.5410805e-02   1.7679323e-01
  -6.5600559e-02   1.6225259e-01
  -6.0558133e-02   1.3719447e-01
  -6.5558436e-02   1.2539137e-01
  -6.1287483e-02   1.1050186e-01
  -5.5543561e-02   9.5888364e-02
  -6.8916516e-02   8.7541428e-02
  -6.0194508e-02   7.2163238e-02
  -6.8273951e-02   7.4374158e-02
  -5.5336994e-02   5.3113126e-02
  -6.9522633e-02   5.1237445e-02
  -5.7672813e-02   4.8469535e-02
  -6.1527173e-02   3.7476566e-02
  -7.2632597e-02   3.3406023e-02
  -5.8269394e-02   2.2026580e-02
  -6.8869459e-02   1.8819759e-02
  -6.5058901e-02   1.6676682e-02
  -7.3834286e-02   1.4035443e-02
  -5.3274480e-02   5.1374218e-03
  -6.9549944e-02   9.0144436e-03
  -6.6063528e-02   3.7076093e-04
  -5.5951134e-02  -6.1611807e-03
  -5.4754222e-02   8.2418740e-04
  -7.4208511e-02  -3.9911615e-03
  -6.4016195e-02  -2.0374707e-03
  -7.2438608e-02  -2.9797158e-03
  -6.3120506e-02  -1.6124517e-02
  -6.5514688e-02  -8.0195842e-03
  -5.1856786e-02  -1.9139266e-02
  -5.5243336e-02  -1.0076802e-02
  -5.6587744e-02  -1.1737783e-02
  -6.0497842e-02  -1.9527465e-02
  -7.5504821e-02  -1.7608116e-02
  -6.6009718e-02  -2.3267703e-02
  -5.7664544e-02  -1.1572958e-02
  -6.8361916e-02  -1.3525672e-02
  -6.6569250e-02  -2.2345706e-02
  -6.0982534e-02  -1.8681382e-02
  -6.2032121e-02  -1.9127445e-02
  -5.9422009e-02  -1.7651461e-02
  -5.8072461e-02  -2.0691127e-02
  -6.5836498e-02  -1.8504489e-02
  -7.1602132e-02  -2.5843242e-02
  -7.5642086e-02  -1.9235522e-02
  -7.3531015e-02  -2.6963607e-02
  -6.8845162e-02  -2.5577686e-02
  -7.0325223e-02  -2.5965449e-02
  -6.9096777e-02  -2.2244179e-02
  -5.9109429e-02  -1.9257022e-02
  -5.3716822e-02  -2.0455620e-02
  -6.3778794e-02  -2.1187139e-02
  -7.1615026e-02  -2.1970566e-02
  -6.2061453e-02  -2.1565660e-02
  -7.2909976e-02  -2.1222586e-02
   1.8561688e-01  -2.3885444e-02
   1.7060407e-01  -2.5122676e-02
   1.7138964e-01  -2.7973765e-02
   1.7936015e-01  -2.2685440e-02
   1.6803231e-01  -1.4248312e-02
   1.9042293e-01  -1.1289102e-03
   1.8912340e-01  -2.8897597e-03
   1.8628144e-01   5.7390921e-03
   1.7033547e-01   9.5754047e-03
   1.8952904e-01   8.9083792e-03
   1.8720034e-01   1.4930499e-02
   1.8472942e-01   2.9445406e-02
   1.6933828e-01   3.6584513e-02
   1.8000759e-01   3.4189451e-02
   1.7327549e-01   4.4811056e-02
   1.7876417e-01   5.0968949e-02
   1.7358425e-01   5.3757573e-02
   1.7150828e-01   4.6098498e-02
   1.7434493e-01   4.8330621e-02
   1.8100876e-01   6.3386408e-02
   1.7509383e-01   5.3683114e-02
   1.6927019e-01   6.5013168e-02
   1.7960747e-01   6.7345017e-02
   1.7291842e-01   6.5316996e-02
   1.7168055e-01   7.1933749e-02
   1.6882189e-01   7.1032621e-02
   1.7520490e-01   7.4192830e-02
   1.8052367e-01   6.9875527e-02
   1.7219130e-01   7.5946269e-02
   1.7869649e-01   7.9101304e-02
   1.6940911e-01   8.0331403e-02
   1.7625445e-01   8.3756297e-02
   1.8239548e-01   7.5391811e-02
   1.8046320e-01   7.6541300e-02
   1.7278450e-01   8.5849433e-02
   1.8315635e-01   7.7809689e-02
   1.8713571e-01   8.6950736e-02
   1.8435397e-01   8.5452907e-02
   1.8554645e-01   7.5226769e-02
   1.7315339e-01   8.1328710e-02
   1.8693847e-01   8.7248252e-02
   1.9053957e-01   7.7220811e-02
   1.7599592e-01   8.5125022e-02
   1.7722392e-01   8.3458776e-02
   1.7006294e-01   8.9928548e-02
   1.7032428e-01   7.9376478e-02
   1.8114345e-01   7.9336550e-02
   1.7967598e-01   9.1221501e-02
   1.8276530e-01   8.4469143e-02
   1.8965374e-01   8.6140082e-02
   1.7515390e-01   9.1668219e-02
   1.6934245e-01   7.9385944e-02
   1.7224878e-01   8.9575668e-02
   1.8533439e-01   7.8592616e-02
   1.8601325e-01   9.0373484e-02
   1.8000593e-01   7.9606116e-02
   1.7634513e-01   8.5404223e-02
   1.7073064e-01   8.0047695e-02
   1.7254978e-01   7.9011593e-02
   1.9173035e-01   7.9374421e-02
   1.8811698e-01   8.5335128e-02
   1.8225220e-01   7.8937385e-02
   1.8005054e-01   8.6711502e-02
   1.7181570e-01   9.1790155e-02
   1.8277810e-01   9.0998126e-02
   1.7295825e-01   8.9033161e-02
   1.8319079e-01   8.4124193e-02
   1.6911972e-01   9.2818280e-02
   1.7310652e-01   9.2368826e-02
   1.2157724e-01   8.6469785e-02
   1.3138525e-01   8.0471123e-02
   1.3379796e-01   8.9155940e-02
   1.2429386e-01   8.9149606e-02
   1.2699099e-01   8.4419433e-02
   1.3076922e-01   8.6261882e-02
   1.3638945e-01   7.9285941e-02
   1.2878834e-01   7.3688814e-02
   1.3936940e-01   8.5228373e-02
   1.2717399e-01   7.1121733e-02
   1.3972243e-01   8.2951621e-02
   1.2040514e-01   8.0024644e-02
   1.2190146e-01   8.1069268e-02
   1.2952177e-01   7.2861939e-02
   1.2899477e-01   7.6625269e-02
   1.2253739e-01   7.5066932e-02
   1.2147523e-01   7.0614165e-02
   1.3637873e-01   6.8898058e-02
   1.3401263e-01   6.2474714e-02
   1.3946772e-01   7.2638657e-02
   1.2488845e-01   7.2576590e-02
   1.3844722e-01   6.6661420e-02
   1.2427557e-01   6.6105613e-02
   1.3411262e-01   6.3310188e-02
   1.2474390e-01   6.1635329e-02
   1.3549745e-01   7.0001504e-02
   1.1978393e-01   7.0579267e-02
   1.3257102e-01   6.3742422e-02
   1.2259752e-01   6.4066882e-02
   1.3694180e-01   6.1655141e-02
   1.3279782e-01   6.6240603e-02
   1.3989719e-01   5.9055985e-02
   1.3738607e-01   7.0693331e-02
   1.2848727e-01   7.0667896e-02
   1.2551825e-01   5.7194078e-02
   1.3104381e-01   5.7678922e-02
   1.4033894e-01   5.7238018e-02
   1.2481030e-01   6.5697514e-02
   1.4209275e-01   5.9199691e-02
   1.4043240e-01   7.0081561e-02
   1.3185596e-01   6.1802079e-02
   1.4083137e-01   5.7174155e-02
   1.4023619e-01   6.8033003e-02
   1.2404911e-01   6.7935385e-02
   1.3813939e-01   5.8089493e-02
   1.2252842e-01   6.4419614e-02
   1.2028220e-01   5.6305007e-02
   1.3627632e-01   5.6579424e-02
   1.3945663e-01   6.5240121e-02
   1.2740062e-01   6.4847416e-02
   1.1973710e-01   6.3729060e-02
   1.2066120e-01   5.6504103e-02
   1.2589905e-01   6.3238492e-02
   1.3214721e-01   6.6761766e-02
   1.4114374e-01   6.4976204e-02
   1.3251303e-01   6.0172577e-02
   1.3773150e-01   6.5760745e-02
   1.3135918e-01   5.6222584e-02
   1.3212024e-01   6.1514647e-02
   1.3784665e-01   6.8995392e-02
   1.3410188e-01   6.7701804e-02
   1.1974349e-01   6.0353209e-02
   1.3320537e-01   6.2441396e-02
   1.2933341e-01   6.7872497e-02
   1.3887954e-01   6.9083680e-02
   1.3926631e-01   5.7340944e-02
   1.3309460e-01   5.8665323e-02
   1.4190256e-01   5.7431646e-02
   1.2033725e-01   6.0121352e-02
  -5.6519291e-01   6.5741860e-02
  -5.6567218e-01   6.1427202e-02
  -5.4851332e-01   6.9280654e-02
  -5.6819800e-01   7.7630854e-02
  -5.5852205e-01   9.3693335e-02
  -5.6162498e-01   1.1512161e-01
  -5.6512430e-01   1.2312692e-01
  -5.6915827e-01   1.4900881e-01
  -5.6763104e-01   1.5673757e-01
  -5.4907410e-01   1.7941773e-01
  -5.5544795e-01   1.8814030e-01
  -5.6427636e-01   2.1368136e-01
  -5.6382019e-01   2.2804040e-01
  -5.6318693e-01   2.4100690e-01
  -5.5028399e-01   2.5231667e-01
  -5.4742787e-01   2.6576736e-01
  -5.6300200e-01   2.7090440e-01
  -5.6503221e-01   2.8103461e-01
  -5.6885083e-01   2.9511376e-01
  -5.6959195e-01   3.0444235e-01
  -5.5156147e-01   3.0936683e-01
  -5.4957885e-01   3.0955239e-01
  -5.5316015e-01   3.2338165e-01
  -5.6137149e-01   3.2698721e-01
  -5.6098792e-01   3.3208628e-01
  -5.4951300e-01   3.2853793e-01
  -5.6911314e-01   3.3265253e-01
  -5.4794135e-01   3.3799268e-01
  -5.6874962e-01   3.4081936e-01
  -5.5694581e-01   3.4443785e-01
  -5.6752074e-01   3.5441222e-01
  -5.5160622e-01   3.5409583e-01
  -5.6772831e-01   3.6401218e-01
  -5.6171382e-01   3.6323953e-01
  -5.6449023e-01   3.6559510e-01
  -5.5222075e-01   3.5708218e-01
  -5.6065068e-01   3.6505520e-01
  -5.5803157e-01   3.6687956e-01
  -5.5165102e-01   3.6887289e-01
  -5.4787430e-01   3.7168600e-01
  -5.4799747e-01   3.7416542e-01
  -5.4786986e-01   3.7611374e-01
  -5.5329228e-01   3.7737750e-01
  -5.5478645e-01   3.7027962e-01
  -5.6025201e-01   3.7410243e-01
  -5.4819583e-01   3.7436536e-01
  -5.4741578e-01   3.7503955e-01
  -5.6852583e-01   3.7664374e-01
  -5.6420408e-01   3.7494948e-01
  -5.4869047e-01   3.7551049e-01
  -5.6500114e-01   3.7726676e-01
  -5.6980620e-01   3.7969863e-01
  -5.5290437e-01   3.7852957e-01
  -5.5690096e-01   3.7374938e-01
  -5.6012458e-01   3.7605402e-01
  -5.5395431e-01   3.8347814e-01
  -5.6574571e-01   3.7215362e-01
  -5.5423511e-01   3.7550879e-01
  -5.5550010e-01   3.7134098e-01
  -5.6208593e-01   3.8162583e-01
  -5.5234150e-01   3.8295607e-01
  -5.5555272e-01   3.7321133e-01
  -5.5343192e-01   3.7471495e-01
  -5.6275697e-01   3.7901117e-01
  -5.6931655e-01   3.8495025e-01
  -5.6125771e-01   3.7977255e-01
  -5.5175084e-01   3.7674443e-01
  -5.5310746e-01   3.7429358e-01
  -5.6838380e-01   3.7415764e-01
   3.3001411e-02   3.8232401e-01
   3.6020391e-02   3.7622281e-01
   1.9157902e-02   3.7608760e-01
   3.8262638e-02   3.5994867e-01
   2.7351067e-02   3.4120009e-01
   2.1847827e-02   3.2195468e-01
   2.8042658e-02   3.0724467e-01
   1.7588652e-02   2.8538915e-01
   2.3814688e-02   2.7265753e-01
   3.7612604e-02   2.4118170e-01
   3.8945614e-02   2.2267318e-01
   2.8203166e-02   2.1239119e-01
   2.4478997e-02   1.9013611e-01
   2.3918458e-02   1.7992542e-01
   3.4574017e-02   1.6013757e-01
   2.5439725e-02   1.4664479e-01
   2.9267113e-02   1.4017871e-01
   1.5640618e-02   1.2114962e-01
   2.3553109e-02   1.1917853e-01
   3.2619234e-02   1.0580459e-01
   1.9228054e-02   9.1944001e-02
   2.9585516e-02   8.2593867e-02
   2.8113060e-02   8.8241891e-02
   1.9516650e-02   7.2433296e-02
   3.0826197e-02   6.8147965e-02
   3.7780038e-02   6.4984858e-02
   2.8332726e-02   5.9841203e-02
   2.9331280e-02   5.2126020e-02
   3.1269888e-02   5.6730870e-02
   1.5229449e-02   4.6514941e-02
   2.3081976e-02   4.1651398e-02
   2.1437223e-02   3.5232061e-02
   3.7003990e-02   3.4907990e-02
   2.0673496e-02   3.0448970e-02
   2.4000161e-02   3.7034388e-02
   2.8101342e-02   2.7559441e-02
   2.8317876e-02   2.9763638e-02
   1.9993668e-02   2.1142802e-02
   2.8144532e-02   1.9308455e-02
   1.5298895e-02   2.1457729e-02
   3.7067764e-02   2.3120178e-02
   2.2341533e-02   2.7938154e-02
   3.6474410e-02   2.4909147e-02
   2.8365700e-02   2.4274328e-02
   3.1483495e-02   1.9320387e-02
   3.2422582e-02   2.5531876e-02
   2.0974145e-02   1.1596795e-02
   3.8227944e-02   1.4020042e-02
   1.7392492e-02   1.8145365e-02
   2.8051831e-02   2.0282059e-02
   3.6762405e-02   2.2277870e-02
   3.6170651e-02   1.8091737e-02
   3.5382392e-02   9.4827590e-03
   3.4709974e-02   2.0422699e-02
   3.6193575e-02   1.4243329e-02
   1.6407088e-02   1.1150051e-02
   2.9897686e-02   1.9138273e-02
   1.9707199e-02   8.8310143e-03
   2.5382891e-02   1.9004385e-02
   2.4026250e-02   6.7114468e-03
   2.1542041e-02   8.9193558e-03
   3.2135029e-02   1.7151876e-02
   3.6393095e-02   6.6004705e-03
   3.7262961e-02   1.1708810e-02
   2.7833412e-02   6.7930060e-03
   2.6754739e-02   1.2642517e-02
   2.7148540e-02   1.6786956e-02
   3.0027033e-02   1.8354248e-02
   2.6897623e-02   8.3221109e-03
   2.5410057e-01   8.9968069e-03
   2.6570719e-01   8.9520227e-03
   2.5336095e-01   9.7486746e-03
   2.5104752e-01   2.1321308e-02
   2.7397735e-01   1.7789942e-02
   2.7369405e-01   3.5127060e-02
   2.6614813e-01   3.2656101e-02
   2.6706291e-01   3.3499183e-02
   2.6026764e-01   4.6712799e-02
   2.6749694e-01   4.9185932e-02
   2.6916468e-01   6.1331109e-02
   2.5728041e-01   6.4752775e-02
   2.6402351e-01   6.1503451e-02
   2.5937396e-01   7.5505042e-02
   2.5991350e-01   8.2060115e-02
   2.6979697e-01   7.5794088e-02
   2.6045110e-01   8.6262561e-02
   2.6802918e-01   9.0125248e-02
   2.6555477e-01   9.1153579e-02
   2.7405385e-01   8.9240150e-02
   2.5683795e-01   9.2264404e-02
   2.5680660e-01   9.9222167e-02
   2.5941162e-01   1.0593664e-01
   2.6741943e-01   9.8838031e-02
   2.5821711e-01   1.0783885e-01
   2.6656330e-01   1.0892045e-01
   2.5243625e-01   1.0558213e-01
   2.6048482e-01   1.0570573e-01
   2.6684790e-01   1.0700778e-01
   2.5595466e-01   1.1499376e-01
   2.5318732e-01   1.1474260e-01
   2.6574591e-01   1.1812168e-01
   2.6279854e-01   1.0573730e-01
   2.5145603e-01   1.0885982e-01
   2.7264226e-01   1.0978094e-01
   2.5279821e-01   1.0928867e-01
   2.6455562e-01   1.1320168e-01
   2.5032883e-01   1.1226481e-01
   2.6920758e-01   1.1449299e-01
   2.5022890e-01   1.2010260e-01
   2.5710702e-01   1.1115554e-01
   2.6167197e-01   1.1361287e-01
   2.5013485e-01   1.1340492e-01
   2.5090276e-01   1.2157460e-01
   2.6080677e-01   1.2256683e-01
   2.7040164e-01   1.1583605e-01
   2.5375290e-01   1.1522959e-01
   2.6886681e-01   1.1407035e-01
   2.5149527e-01   1.1732603e-01
   2.6928219e-01   1.2363829e-01
   2.5201579e-01   1.2360246e-01
   2.7108960e-01   1.1891773e-01
   2.7105494e-01   1.1474045e-01
   2.6214741e-01   1.2110473e-01
   2.5759652e-01   1.1188816e-01
   2.7097135e-01   1.2238386e-01
   2.6810132e-01   1.1290782e-01
   2.7060300e-01   1.1654063e-01
   2.7351604e-01   1.1649753e-01
   2.6645896e-01   1.2414878e-01
   2.5028236e-01   1.1815572e-01
   2.6566411e-01   1.1242128e-01
   2.6453220e-01   1.1545352e-01
   2.6695142e-01   1.2120473e-01
   2.6411151e-01   1.1534899e-01
   2.6153276e-01   1.1755065e-01
   2.5315710e-01   1.2098119e-01
   2.6310944e-01   1.1507205e-01
   2.5682200e-01   1.1349602e-01
   6.6149954e-02   1.1629656e-01
   7.3846418e-02   1.2263262e-01
   7.0274676e-02   1.1218402e-01
   5.7216148e-02   1.2097099e-01
   6.7112098e-02   1.0829651e-01
   5.7448181e-02   1.0169314e-01
   6.5027052e-02   1.0898394e-01
   7.3376025e-02   9.9180626e-02
   7.4830310e-02   9.4615822e-02
   7.5396314e-02   8.3119133e-02
   6.2365778e-02   8.3431319e-02
   6.8856475e-02   7.5114759e-02
   6.7460061e-02   7.5377752e-02
   6.7033922e-02   7.3660436e-02
   6.0326981e-02   7.4009470e-02
   6.4636773e-02   5.9105737e-02
   5.9407044e-02   5.9818555e-02
   6.3065761e-02   6.5496569e-02
   7.9579087e-02   5.3755301e-02
   6.1775922e-02   5.8779243e-02
   7.4067406e-02   5.5941927e-02
   7.5969092e-02   5.1933732e-02
   6.5706969e-02   4.7634904e-02
   6.9189982e-02   4.3997623e-02
   5.7795964e-02   4.4783936e-02
   6.1314157e-02   4.7586708e-02
   6.0346663e-02   3.9207327e-02
   7.8972742e-02   3.8273770e-02
   7.0286997e-02   3.7628281e-02
   5.7559300e-02   3.4664454e-02
   6.9101917e-02   3.6743969e-02
   5.6508032e-02   3.1409860e-02
   7.0409855e-02   4.1695862e-02
   6.5698269e-02   3.6654138e-02
   7.2257855e-02   2.9761742e-02
   5.7166059e-02   3.6855930e-02
   7.4321363e-02   3.2672877e-02
   7.2265951e-02   3.0024128e-02
   6.8010855e-02   3.9335641e-02
   7.7771762e-02   3.0431340e-02
   7.1125402e-02   3.7436687e-02
   6.8736274e-02   3.8238106e-02
   6.1373622e-02   3.1006872e-02
   5.9385752e-02   3.4816154e-02
   6.2489201e-02   3.4483896e-02
   6.6817782e-02   3.2141696e-02
   6.1219136e-02   3.2612038e-02
   7.5921421e-02   3.6312441e-02
   6.1284032e-02   3.7887323e-02
   6.2346560e-02   3.6558446e-02
   7.7576441e-02   3.6227310e-02
   6.3021791e-02   3.2494908e-02
   6.4854990e-02   3.2803421e-02
   7.4529932e-02   3.1730944e-02
   5.6649845e-02   2.7923745e-02
   6.6242003e-02   3.5819551e-02
   7.8292620e-02   2.9157860e-02
   7.9667739e-02   2.9543108e-02
   7.2855473e-02   3.6493341e-02
   6.5797126e-02   2.6153517e-02
   6.5893924e-02   2.5483369e-02
   5.7636828e-02   3.3531450e-02
   7.0585160e-02   2.9516229e-02
   5.9092442e-02   2.5870218e-02
   5.6820676e-02   3.2239158e-02
   7.8481583e-02   3.3319083e-02
   6.4426613e-02   3.5153294e-02
   6.6628844e-02   3.8650178e-02
   7.1614514e-02   3.8154699e-02
  -2.6397428e-01   2.9011936e-02
  -2.6125893e-01   3.2090187e-02
  -2.5925359e-01   3.6902170e-02
  -2.5676598e-01   3.1718326e-02
  -2.5741819e-01   2.9112727e-02
  -2.4919351e-01   2.8407537e-02
  -2.5737735e-01   1.4935575e-02
  -2.5655619e-01   1.4153107e-02
  -2.4814772e-01   1.8420345e-02
  -2.6084990e-01   1.4583045e-02
  -2.5935697e-01   8.1050888e-03
  -2.6252785e-01   4.4432849e-03
  -2.5538777e-01  -2.4291157e-03
  -2.5825099e-01  -6.7377191e-03
  -2.5330657e-01  -4.0188271e-03
  -2.5541504e-01  -1.0853762e-02
  -2.6894517e-01  -8.2846264e-03
  -2.5479877e-01  -1.4636321e-02
  -2.6106557e-01  -1.1307471e-02
  -2.6717764e-01  -8.3525690e-03
  -2.5884404e-01  -1.3608667e-02
  -2.5578184e-01  -2.4463790e-02
  -2.6094123e-01  -2.4037808e-02
  -2.6223788e-01  -1.8649002e-02
  -2.4900901e-01  -2.2361993e-02
  -2.5287632e-01  -1.9392228e-02
  -2.6032635e-01  -2.0968474e-02
  -2.6894154e-01  -1.9850374e-02
  -2.6347109e-01  -3.1715565e-02
  -2.6385521e-01  -2.4390005e-02
  -2.6117862e-01  -3.0171648e-02
  -2.6904354e-01  -3.3450159e-02
  -2.5397224e-01  -2.9546818e-02
  -2.4809017e-01  -2.3197017e-02
  -2.5164627e-01  -2.2469608e-02
  -2.6909719e-01  -2.6649223e-02
  -2.6624453e-01  -2.8026600e-02
  -2.4877250e-01  -2.2784951e-02
  -2.5611221e-01  -2.9114753e-02
  -2.5647750e-01  -2.9058683e-02
  -2.4711371e-01  -2.4289973e-02
  -2.5211940e-01  -2.4692706e-02
  -2.4941176e-01  -2.8366854e-02
  -2.4813609e-01  -2.4452935e-02
  -2.6685777e-01  -3.1957111e-02
  -2.5180853e-01  -2.4860535e-02
  -2.4789993e-01  -3.5007079e-02
  -2.5237053e-01  -3.5837969e-02
  -2.4806730e-01  -2.9284885e-02
  -2.4991018e-01  -2.4294900e-02
  -2.5205641e-01  -3.1094377e-02
  -2.4745281e-01  -2.8938876e-02
  -2.7018920e-01  -3.2867138e-02
  -2.6259563e-01  -3.6537315e-02
  -2.6202234e-01  -3.2445450e-02
  -2.5719375e-01  -3.4921215e-02
  -2.6426208e-01  -3.7341399e-02
  -2.5787812e-01  -2.6499403e-02
  -2.7010931e-01  -3.2890179e-02
  -2.4775398e-01  -2.9183187e-02
  -2.5227037e-01  -3.2543845e-02
  -2.5125394e-01  -2.4844646e-02
  -2.5136510e-01  -3.1491683e-02
  -2.4908875e-01  -2.9272654e-02
  -2.6645078e-01  -3.4554927e-02
  -2.5400159e-01  -2.4661139e-02
  -2.5315689e-01  -3.4401550e-02
  -2.5337206e-01  -3.2728806e-02
  -2.6235411e-01  -2.6026329e-02
   5.4973516e-01  -2.8983777e-02
   5.5351679e-01  -3.0124229e-02
   5.6490685e-01  -2.4860153e-02
   5.4195513e-01  -2.8486502e-02
   5.5039553e-01  -2.1663249e-02
   5.4663147e-01  -1.4741639e-02
   5.6134772e-01  -7.8219213e-03
   5.5073061e-01   6.9394062e-03
   5.6100057e-01   1.7639317e-02
   5.5236287e-01   1.6415053e-02
   5.4717944e-01   1.9825104e-02
   5.4601560e-01   2.9437367e-02
   5.5945063e-01   4.2319235e-02
   5.5787732e-01   4.3640768e-02
   5.6046661e-01   5.1632734e-02
   5.4940726e-01   5.7851702e-02
   5.5629152e-01   6.5363434e-02
   5.6015906e-01   6.8041026e-02
   5.4988460e-01   6.7606865e-02
   5.5317258e-01   7.8709274e-02
   5.5621178e-01   8.1921828e-02
   5.4727068e-01   7.6298895e-02
   5.4533439e-01   7.9087197e-02
   5.4479256e-01   8.9004261e-02
   5.6259664e-01   9.3303676e-02
   5.6495895e-01   9.2106193e-02
   5.6288068e-01   9.6877148e-02
   5.6116745e-01   8.9445882e-02
   5.5590954e-01   8.9070051e-02
   5.6333164e-01   9.4916733e-02
   5.4201533e-01   9.9918771e-02
   5.4280574e-01   9.8971228e-02
   5.5132016e-01   9.9866401e-02
   5.5655260e-01   1.0509635e-01
   5.4523090e-01   1.0589840e-01
   5.4749855e-01   1.0691087e-01
   5.4219614e-01   1.0236836e-01
   5.5253848e-01   9.8130427e-02
   5.6504843e-01   1.0670378e-01
   5.4985103e-01   1.0758376e-01
   5.6319652e-01   1.1262284e-01
   5.6162834e-01   1.0966322e-01
   5.5417725e-01   1.0603217e-01
   5.5800250e-01   1.1061131e-01
   5.4191066e-01   1.0277896e-01
   5.5923449e-01   1.0272640e-01
   5.5299640e-01   1.0294923e-01
   5.5526294e-01   1.1189213e-01
   5.4539672e-01   1.0681920e-01
   5.5626933e-01   1.0720043e-01
   5.6504433e-01   1.0177059e-01
   5.6515572e-01   1.0437342e-01
   5.6106579e-01   1.1180581e-01
   5.6083986e-01   1.0568063e-01
   5.6010102e-01   1.0796855e-01
   5.5368075e-01   1.1329722e-01
   5.6101225e-01   1.1138256e-01
   5.5933800e-01   1.1126176e-01
   5.4280520e-01   1.1129437e-01
   5.4265135e-01   1.1509533e-01
   5.5020817e-01   1.0497203e-01
   5.5442917e-01   1.0658491e-01
   5.5223057e-01   1.1010876e-01
   5.4935992e-01   1.0961330e-01
   5.6170103e-01   1.0259461e-01
   5.6443792e-01   1.0958811e-01
   5.4935274e-01   1.1061206e-01
   5.5848636e-01   1.1305239e-01
   5.4202298e-01   1.0941278e-01
   1.6725272e-02   1.1238089e-01
   2.0808873e-02   1.0807818e-01
   1.0285070e-02   1.0754651e-01
   1.8303957e-02   1.0095619e-01
   1.9537829e-02   9.6805643e-02
   7.4015623e-03   9.6425544e-02
   6.5610794e-03   9.1352325e-02
   5.2043936e-03   9.0017328e-02
   1.8478841e-02   7.2698978e-02
   7.4863293e-03   6.6667621e-02
   5.5804115e-03   6.0567727e-02
   1.2419573e-02   5.7242159e-02
   1.6162546e-02   6.3085273e-02
  -8.2145012e-04   5.3005162e-02
   6.7940901e-03   4.1637479e-02
   1.7984349e-02   3.9175957e-02
   7.6941458e-03   3.9592567e-02
   2.1382709e-02   4.0329906e-02
   1.5045647e-04   3.6482754e-02
   1.5509836e-02   3.2734556e-02
   1.1451926e-02   3.1632768e-02
   2.3015454e-03   2.4876660e-02
   8.4592948e-03   2.3049381e-02
   2.9620899e-03   1.6653338e-02
   3.7312703e-03   2.4785424e-02
   1.5206244e-02   1.6553120e-02
   1.3569736e-02   2.4530952e-02
   1.7693172e-02   2.0467114e-02
   9.2386354e-03   2.2391370e-02
   1.4529620e-03   9.3586362e-03
   3.4757820e-03   1.2281707e-02
   6.5400542e-03   7.9994081e-03
   1.4931953e-02   1.7384659e-02
  -1.0872690e-03   5.3904712e-03
   5.8934239e-03   3.8184798e-03
   5.6620793e-04   7.0065311e-03
   1.6103057e-02   7.2963448e-03
   4.0468873e-03   1.2185746e-02
  -9.4316749e-05   1.5048744e-02
   5.3046081e-03   5.4753564e-03
   7.3806686e-03   2.5336054e-03
   1.2143706e-02   2.4354854e-03
   1.8800108e-02   1.3341400e-02
   2.1421357e-02   3.8792129e-03
   1.3810044e-02   5.2721455e-03
   1.6626396e-02   9.6476512e-03
   3.4870993e-03   8.5642257e-03
   1.7671974e-02   5.3220131e-03
   1.7615374e-03  -2.3661826e-04
   2.2523939e-02  -2.2906671e-04
   2.0402125e-03   5.0163538e-03
   7.7806760e-03   1.0964454e-02
   2.4371491e-03   1.0877493e-02
   1.2601196e-02  -4.9611020e-04
   1.7321731e-02   8.5401193e-03
   2.2578601e-02   9.3141737e-03
   1.3831333e-02   1.1964125e-02
   1.7203693e-02   6.4153674e-03
   4.5049718e-03   8.4786926e-03
   1.3093291e-02   8.3944440e-04
   2.0647347e-02   5.1539302e-03
   5.2736574e-03   2.2798586e-03
   3.9399616e-03   2.1139176e-03
   1.0205214e-02   1.1801623e-02
   1.4360099e-02  -1.0048529e-03
   1.6600695e-04   8.8024484e-04
   1.0555537e-02   3.4415686e-03
   1.1432257e-02   3.8582297e-03
   1.9171012e-02   4.1154587e-03
   6.8068992e-01   3.3418515e-03
   6.7183463e-01   8.0200132e-03
   6.6761501e-01   2.0412092e-03
   6.6408058e-01  -7.2011056e-04
   6.6464882e-01   9.6302883e-03
   6.6458203e-01   8.2861057e-03
   6.7709817e-01   6.6590339e-03
   6.6615171e-01   2.1950676e-03
   6.6421597e-01   7.7755779e-03
   6.8534130e-01   3.2356897e-03
   6.7709035e-01   5.5431012e-03
   6.8761434e-01   1.3890444e-02
   6.8017911e-01   1.1879729e-02
   6.6985733e-01   1.1519758e-02
   6.7597521e-01   1.3936713e-02
   6.8297474e-01   1.5802588e-02
   6.6698743e-01   6.4495608e-03
   6.7633772e-01   1.4780225e-02
   6.8487778e-01   1.1469576e-02
   6.7483682e-01   5.1024638e-03
   6.6883186e-01   5.3856501e-03
   6.7366641e-01   1.7820466e-02
   6.8425143e-01   7.3462827e-03
   6.8437801e-01   1.7660315e-02
   6.8518510e-01   1.5132483e-02
   6.8359297e-01   1.3179978e-02
   6.8288930e-01   1.3300397e-02
   6.8791618e-01   1.6644231e-02
   6.7733087e-01   1.2261617e-02
   6.8650067e-01   1.1821284e-02
   6.8238096e-01   1.4883805e-02
   6.6522832e-01   1.5734153e-02
   6.7299294e-01   9.5055817e-03
   6.7667666e-01   1.2994416e-02
   6.8338431e-01   1.2163057e-02
   6.8613652e-01   9.0888424e-03
   6.7023072e-01   1.1049626e-02
   6.7967572e-01   6.0875041e-03
   6.8082780e-01   1.9096949e-02
   6.8519048e-01   1.3238938e-02
   6.6416257e-01   8.7652549e-03
   6.8773584e-01   1.2589504e-02
   6.8611966e-01   7.3021799e-03
   6.7541687e-01   1.6880772e-02
   6.6899690e-01   1.1651967e-02
   6.7650703e-01   1.0468744e-02
   6.7981252e-01   1.8672532e-02
   6.7975161e-01   7.1967646e-03
   6.7463633e-01   1.4429337e-02
   6.7749320e-01   1.4048934e-02
   6.8179062e-01   1.1793425e-02
   6.7277857e-01   6.6484859e-03
   6.8522491e-01   5.9156150e-03
   6.8012234e-01   6.8886326e-03
   6.8073704e-01   1.6778600e-02
   6.6675107e-01   1.9489173e-02
   6.8494373e-01   7.0543375e-03
   6.6923784e-01   7.0473738e-03
   6.8414232e-01   1.9536803e-02
   6.8361615e-01   1.4024654e-02
   6.7012443e-01   6.1540464e-03
   6.7885470e-01   9.2479063e-03
   6.6811797e-01   1.4298870e-02
   6.8131535e-01   1.2026765e-02
   6.7856507e-01   7.2561671e-03
   6.6784780e-01   1.8236700e-02
   6.8028011e-01   1.0075884e-02
   6.7477887e-01   9.8888136e-03
   6.6421035e-01   1.5183959e-02
  -8.0673334e-01   1.0453937e-02
  -8.0568464e-01   1.8672260e-02
  -8.1025846e-01   4.5848620e-02
  -8.1951353e-01   9.7543777e-02
  -8.1186073e-01   1.5442271e-01
  -8.1381700e-01   2.2092505e-01
  -8.1906321e-01   3.0636283e-01
  -8.2193636e-01   3.8645082e-01
  -8.0542994e-01   4.5834690e-01
  -8.2702766e-01   5.3309058e-01
  -8.1071558e-01   6.0895620e-01
  -8.0490327e-01   6.7827832e-01
  -8.0824861e-01   7.4792440e-01
  -8.0498547e-01   8.1254539e-01
  -8.0728448e-01   8.7225603e-01
  -8.1888558e-01   9.2729983e-01
  -8.1085630e-01   9.7235928e-01
  -8.0700718e-01   1.0189177e+00
  -8.2509561e-01   1.0640360e+00
  -8.1465927e-01   1.1065023e+00
  -8.1857580e-01   1.1404699e+00
  -8.1735352e-01   1.1645992e+00
  -8.2581077e-01   1.1987893e+00
  -8.1170967e-01   1.2305319e+00
  -8.2243764e-01   1.2518395e+00
  -8.2607854e-01   1.2736191e+00
  -8.2705778e-01   1.2939356e+00
  -8.1991560e-01   1.3076620e+00
  -8.1435181e-01   1.3282381e+00
  -8.1037292e-01   1.3404664e+00
  -8.1608823e-01   1.3536276e+00
  -8.1823949e-01   1.3707485e+00
  -8.2754607e-01   1.3690830e+00
  -8.0928675e-01   1.3789054e+00
  -8.2723153e-01   1.4005122e+00
  -8.1986495e-01   1.4042948e+00
  -8.1675791e-01   1.4091240e+00
  -8.0809936e-01   1.4175788e+00
  -8.0786867e-01   1.4225462e+00
  -8.1524828e-01   1.4231871e+00
  -8.0725197e-01   1.4381583e+00
  -8.1664992e-01   1.4373628e+00
  -8.1943548e-01   1.4446825e+00
  -8.1078971e-01   1.4380321e+00
  -8.0542549e-01   1.4428324e+00
  -8.1135196e-01   1.4479330e+00
  -8.0685697e-01   1.4475309e+00
  -8.0910629e-01   1.4569438e+00
  -8.2748649e-01   1.4587115e+00
  -8.2176935e-01   1.4554824e+00
  -8.1651718e-01   1.4657300e+00
  -8.0863173e-01   1.4624302e+00
  -8.1955338e-01   1.4571258e+00
  -8.2120654e-01   1.4599140e+00
  -8.1581227e-01   1.4691399e+00
  -8.1526977e-01   1.4647346e+00
  -8.1826225e-01   1.4635116e+00
  -8.1827493e-01   1.4717584e+00
  -8.0842040e-01   1.4644738e+00
  -8.0966248e-01   1.4650279e+00
  -8.1556644e-01   1.4751800e+00
  -8.2096382e-01   1.4717375e+00
  -8.2465152e-01   1.4676455e+00
  -8.2335118e-01   1.4658675e+00
  -8.2432580e-01   1.4677143e+00
  -8.1497465e-01   1.4687791e+00
  -8.2128406e-01   1.4691925e+00
  -8.2349447e-01   1.4746635e+00
  -8.2768602e-01   1.4721346e+00
   1.2114252e-01   1.4770518e+00
   1.2044067e-01   1.4778105e+00
   1.1907859e-01   1.4498853e+00
   1.1970400e-01   1.4018098e+00
   1.0411979e-01   1.3318398e+00
   1.1644385e-01   1.2649718e+00
   1.1180765e-01   1.1948565e+00
   1.1035933e-01   1.1151413e+00
   1.2285826e-01   1.0381115e+00
   1.2174241e-01   9.6224796e-01
   1.0485923e-01   8.9402418e-01
   1.0809610e-01   8.2158064e-01
   1.2082117e-01   7.5993168e-01
   1.1593001e-01   6.9273881e-01
   1.0626568e-01   6.3473681e-01
   1.1178954e-01   5.9365119e-01
   1.1997885e-01   5.4281068e-01
   1.1140670e-01   5.0182547e-01
   1.1188614e-01   4.4985436e-01
   1.0952191e-01   4.2311348e-01
   1.1957519e-01   3.7896423e-01
   1.1922624e-01   3.5426815e-01
   1.1220193e-01   3.3068468e-01
   1.2070970e-01   2.9538498e-01
   1.0682916e-01   2.7487524e-01
   1.2438260e-01   2.5357350e-01
   1.1240716e-01   2.3611202e-01
   1.1540674e-01   2.1933145e-01
   1.2451821e-01   1.9446671e-01
   1.0915416e-01   1.8701472e-01
   1.0626743e-01   1.7277237e-01
   1.2064924e-01   1.5535054e-01
   1.2457093e-01   1.4589752e-01
   1.1848396e-01   1.3739089e-01
   1.1947111e-01   1.2969632e-01
   1.1509673e-01   1.2786195e-01
   1.1556898e-01   1.1807511e-01
   1.0969070e-01   1.0712487e-01
   1.1555726e-01   1.1266120e-01
   1.0483600e-01   1.0454747e-01
   1.0800661e-01   1.0174100e-01
   1.1466966e-01   9.8710330e-02
   1.1100161e-01   8.2030729e-02
   1.0863908e-01   8.4115416e-02
   1.1646659e-01   7.6572199e-02
   1.1424034e-01   7.4662093e-02
   1.2138738e-01   7.0370135e-02
   1.1436929e-01   7.8213895e-02
   1.1095293e-01   7.4500761e-02
   1.0486060e-01   7.6538471e-02
   1.0946203e-01   6.4354507e-02
   1.1760262e-01   6.1031886e-02
   1.1955877e-01   7.3346817e-02
   1.2410557e-01   6.6193937e-02
   1.0570529e-01   6.8887727e-02
   1.0782854e-01   6.2715653e-02
   1.0939031e-01   5.8873857e-02
   1.2519948e-01   6.3375649e-02
   1.1149458e-01   5.7652351e-02
   1.2672833e-01   5.3946450e-02
   1.2461061e-01   5.8066806e-02
   1.2533198e-01   6.5578985e-02
   1.1010975e-01   5.7303963e-02
   1.1317319e-01   6.1801601e-02
   1.1758490e-01   5.8495606e-02
   1.1701678e-01   6.2683345e-02
   1.2512713e-01   5.5098442e-02
   1.2202943e-01   6.0027871e-02
   1.1439268e-01   5.7188700e-02
   2.5618274e-01   5.6508112e-02
   2.5975927e-01   5.8954499e-02
   2.4337610e-01   5.3627043e-02
   2.4609027e-01   6.2004763e-02
   2.5266889e-01   6.8059516e-02
   2.6357912e-01   6.5599916e-02
   2.4403789e-01   6.2110022e-02
   2.6198206e-01   7.5139240e-02
   2.6391042e-01   7.1532677e-02
   2.4506022e-01   8.0342035e-02
   2.5262281e-01   7.7164177e-02
   2.4488848e-01   8.8046426e-02
   2.6406926e-01   8.8699364e-02
   2.5130763e-01   9.5257293e-02
   2.6314093e-01   9.4422668e-02
   2.5636634e-01   9.2338816e-02
   2.5178627e-01   1.0241156e-01
   2.5166266e-01   1.0421858e-01
   2.4400084e-01   9.8443112e-02
   2.5664108e-01   1.0215061e-01
   2.5389869e-01   1.0843539e-01
   2.5449960e-01   9.9917258e-02
   2.4063892e-01   1.0192990e-01
   2.4498091e-01   9.9923330e-02
   2.4818278e-01   1.0849697e-01
   2.6434726e-01   1.1118532e-01
   2.5663281e-01   1.1110637e-01
   2.6090544e-01   1.1061874e-01
   2.4294827e-01   1.1205172e-01
   2.5020494e-01   1.1103051e-01
   2.5232789e-01   1.0420557e-01
   2.4703823e-01   1.0535888e-01
   2.6397639e-01   1.0753529e-01
   2.5045363e-01   1.0988285e-01
   2.5015700e-01   1.0655994e-01
   2.4779302e-01   1.0839156e-01
   2.5805387e-01   1.0762876e-01
   2.5364418e-01   1.1518036e-01
   2.4193845e-01   1.1622167e-01
   2.5420792e-01   1.0931822e-01
   2.5425079e-01   1.1235545e-01
   2.5773664e-01   1.1643247e-01
   2.5017065e-01   1.0957897e-01
   2.4855814e-01   1.1401451e-01
   2.6234811e-01   1.1527628e-01
   2.4294596e-01   1.1724215e-01
   2.5224792e-01   1.1574070e-01
   2.5782967e-01   1.1991127e-01
   2.6296453e-01   1.0941997e-01
   2.4974381e-01   1.1864592e-01
   2.6291217e-01   1.2117186e-01
   2.4417482e-01   1.1940798e-01
   2.4426487e-01   1.2156740e-01
   2.4391484e-01   1.1953915e-01
   2.5918023e-01   1.1715221e-01
   2.5323368e-01   1.1422267e-01
   2.4734412e-01   1.1625305e-01
   2.4665455e-01   1.1579313e-01
   2.5235821e-01   1.1793655e-01
   2.5294511e-01   1.2060615e-01
   2.5434840e-01   1.1923196e-01
   2.5911164e-01   1.1801889e-01
   2.4512593e-01   1.2289558e-01
   2.5000975e-01   1.1257906e-01
   2.5921199e-01   1.0969178e-01
   2.5171967e-01   1.1537719e-01
   2.4051305e-01   1.1710806e-01
   2.4338885e-01   1.1108153e-01
   2.4828090e-01   1.1257549e-01
   4.8457035e-01   1.0908907e-01
   4.8593340e-01   1.0969174e-01
   4.8173647e-01   1.2241524e-01
   4.8507831e-01   1.1444130e-01
   4.7492745e-01   1.1545433e-01
   4.7711723e-01   1.2534819e-01
   4.7491702e-01   1.2656422e-01
   4.8384211e-01   1.2784371e-01
   4.8658766e-01   1.2753027e-01
   4.8690060e-01   1.2091691e-01
   4.7348005e-01   1.2519941e-01
   4.8165660e-01   1.2899903e-01
   4.8065504e-01   1.2958804e-01
   4.8546113e-01   1.2853630e-01
   4.7350303e-01   1.3012343e-01
   4.7568471e-01   1.2506263e-01
   4.8637951e-01   1.3262579e-01
   4.7028944e-01   1.2430879e-01
   4.8390082e-01   1.2640313e-01
   4.7089381e-01   1.3620040e-01
   4.6807446e-01   1.3514790e-01
   4.8272167e-01   1.3583730e-01
   4.8206081e-01   1.2837394e-01
   4.7895953e-01   1.3816258e-01
   4.8506966e-01   1.4107027e-01
   4.7099269e-01   1.3733385e-01
   4.8393380e-01   1.4121925e-01
   4.8437731e-01   1.4058381e-01
   4.7998474e-01   1.3637656e-01
   4.6733381e-01   1.4100951e-01
   4.6938179e-01   1.3960395e-01
   4.8848030e-01   1.4306115e-01
   4.7280235e-01   1.3372775e-01
   4.7207264e-01   1.2999584e-01
   4.8851641e-01   1.3988281e-01
   4.7266904e-01   1.3803326e-01
   4.8222664e-01   1.3527011e-01
   4.8456965e-01   1.4290466e-01
   4.6933382e-01   1.3751339e-01
   4.8342350e-01   1.3053546e-01
   4.7386261e-01   1.3951078e-01
   4.8297839e-01   1.3812065e-01
   4.7532356e-01   1.3679173e-01
   4.8228294e-01   1.3769421e-01
   4.6936329e-01   1.3590117e-01
   4.7466970e-01   1.4109382e-01
   4.8303974e-01   1.4122002e-01
   4.8683280e-01   1.3189856e-01
   4.7533763e-01   1.3207357e-01
   4.7594586e-01   1.3934414e-01
   4.7678900e-01   1.3449467e-01
   4.8283724e-01   1.4442375e-01
   4.8586783e-01   1.3338404e-01
   4.8071114e-01   1.3240068e-01
   4.6840507e-01   1.3200241e-01
   4.6831398e-01   1.4388863e-01
   4.8337365e-01   1.4404528e-01
   4.9087758e-01   1.4466456e-01
   4.8398071e-01   1.3757319e-01
   4.7151580e-01   1.3960967e-01
   4.8815460e-01   1.3909206e-01
   4.8737183e-01   1.3701236e-01
   4.8468700e-01   1.4317187e-01
   4.8810995e-01   1.4324404e-01
   4.7804802e-01   1.4019139e-01
   4.7631666e-01   1.4010768e-01
   4.7222005e-01   1.3912840e-01
   4.6902612e-01   1.3149194e-01
   4.7068647e-01   1.4501780e-01
   1.6614684e-01   1.3196479e-01
   1.6844436e-01   1.3781610e-01
   1.6393685e-01   1.4163385e-01
   1.7248495e-01   1.4005192e-01
   1.7560374e-01   1.2951122e-01
   1.7282346e-01   1.2506276e-01
   1.7913065e-01   1.3020190e-01
   1.6419434e-01   1.2956341e-01
   1.6765263e-01   1.2292123e-01
   1.7333480e-01   1.2054580e-01
   1.7585555e-01   1.2169701e-01
   1.6921645e-01   1.1570106e-01
   1.6546006e-01   1.0430693e-01
   1.7453434e-01   1.0584682e-01
   1.8135378e-01   1.0668111e-01
   1.6961864e-01   9.9032268e-02
   1.6680198e-01   1.0302037e-01
   1.7507255e-01   9.4372190e-02
   1.8339407e-01   9.7912589e-02
   1.7636906e-01   1.0050090e-01
   1.8312681e-01   9.2563699e-02
   1.7364768e-01   9.3462986e-02
   1.7726111e-01   8.9998287e-02
   1.7142489e-01   8.6626296e-02
   1.8663459e-01   8.5798715e-02
   1.8445929e-01   9.7693440e-02
   1.8697588e-01   9.6040675e-02
   1.7612309e-01   8.7841581e-02
   1.8268424e-01   9.0811572e-02
   1.7075474e-01   9.5055469e-02
   1.7632621e-01   8.3365812e-02
   1.7350939e-01   8.7085727e-02
   1.6915673e-01   8.2152959e-02
   1.6874090e-01   9.1444277e-02
   1.6461823e-01   8.8301914e-02
   1.8605008e-01   8.4251897e-02
   1.8666433e-01   8.8971112e-02
   1.7533992e-01   8.0402750e-02
   1.7986929e-01   8.7940292e-02
   1.7123016e-01   8.9210897e-02
   1.8517256e-01   8.4195287e-02
   1.7225910e-01   8.2611038e-02
   1.8165354e-01   8.8645152e-02
   1.6622583e-01   8.5401297e-02
   1.6565514e-01   8.5690485e-02
   1.6638414e-01   8.5055038e-02
   1.8632942e-01   8.8014479e-02
   1.8249693e-01   8.7920180e-02
   1.8034005e-01   8.7015576e-02
   1.6957404e-01   9.1600807e-02
   1.7067007e-01   8.8620688e-02
   1.7449400e-01   8.7685330e-02
   1.6818515e-01   8.3818455e-02
   1.7286853e-01   8.5748123e-02
   1.7937287e-01   8.5044770e-02
   1.7473627e-01   8.7297744e-02
   1.6995098e-01   8.1951843e-02
   1.8458728e-01   8.3257896e-02
   1.7254766e-01   8.8079653e-02
   1.7798191e-01   8.2098103e-02
   1.7137611e-01   8.0633952e-02
   1.7066720e-01   8.2945451e-02
   1.7406561e-01   8.6909320e-02
   1.8618599e-01   8.7736118e-02
   1.6957482e-01   9.0841795e-02
   1.7052697e-01   8.5179441e-02
   1.8394640e-01   8.5150266e-02
   1.6641993e-01   7.9302180e-02
   1.8297569e-01   8.1860982e-02
   5.6246835e-01   8.7940446e-02
   5.5200405e-01   8.3929861e-02
   5.5647820e-01   8.1559683e-02
   5.5503645e-01   8.3169594e-02
   5.5854650e-01   8.4273607e-02
   5.5315534e-01   8.2625743e-02
   5.6406459e-01   8.1214638e-02
   5.6393820e-01   9.3821765e-02
   5.5200907e-01   9.3435309e-02
   5.7468991e-01   8.6172344e-02
   5.5809780e-01   9.1058573e-02
   5.7451596e-01   9.3006704e-02
   5.6552616e-01   9.3196091e-02
   5.6512068e-01   9.1203045e-02
   5.6106453e-01   9.5506257e-02
   5.7135469e-01   9.5597777e-02
   5.6132465e-01   1.0076947e-01
   5.5211644e-01   9.6649409e-02
   5.7403860e-01   9.2149624e-02
   5.6159948e-01   9.3250236e-02
   5.6367140e-01   9.8724714e-02
   5.6806856e-01   1.0673696e-01
   5.7095049e-01   9.3921109e-02
   5.6884390e-01   1.0740257e-01
   5.7095409e-01   9.9633584e-02
   5.6265868e-01   9.9012447e-02
   5.7049706e-01   1.0841106e-01
   5.5424459e-01   9.8576872e-02
   5.5978921e-01   1.0443969e-01
   5.6084088e-01   1.0248869e-01
   5.5675191e-01   9.7492946e-02
   5.5866938e-01   1.0794336e-01
   5.5924614e-01   1.0535245e-01
   5.5478138e-01   1.0151393e-01
   5.6330362e-01   1.0715958e-01
   5.5185419e-01   9.6705518e-02
   5.5602861e-01   1.0214914e-01
   5.7154632e-01   1.0302117e-01
   5.6770488e-01   9.6739678e-02
   5.5831727e-01   1.0584273e-01
   5.7399541e-01   1.0014622e-01
   5.5589020e-01   1.0971915e-01
   5.5203924e-01   1.0990963e-01
   5.6946561e-01   1.0774901e-01
   5.5249225e-01   1.0599506e-01
   5.6103884e-01   1.0961423e-01
   5.6891318e-01   1.0768038e-01
   5.5586524e-01   1.0045569e-01
   5.6430692e-01   1.0770737e-01
   5.7147463e-01   9.8304279e-02
   5.7171036e-01   1.0704869e-01
   5.7249918e-01   1.0533372e-01
   5.6805586e-01   1.0247807e-01
   5.6721127e-01   1.0726270e-01
   5.5839731e-01   9.8866967e-02
   5.6247805e-01   1.0300998e-01
   5.6927860e-01   1.0037339e-01
   5.5904717e-01   9.7720846e-02
   5.6328837e-01   9.9836132e-02
   5.5711181e-01   1.0756182e-01
   5.6606981e-01   1.0583116e-01
   5.7504151e-01   1.0748054e-01
   5.7200104e-01   1.0607172e-01
   5.5206830e-01   1.0667989e-01
   5.5322086e-01   1.0373331e-01
   5.7464449e-01   1.0848900e-01
   5.6176670e-01   1.0309362e-01
   5.5706918e-01   9.8546884e-02
   5.6651741e-01   1.0396435e-01
   6.5572927e-01   1.0133833e-01
   6.5275301e-01   9.9234294e-02
   6.5368087e-01   9.6459402e-02
   6.6234841e-01   1.0698312e-01
   6.6388972e-01   9.3844753e-02
   6.4912841e-01   9.7314067e-02
   6.5287958e-01   8.4695597e-02
   6.6476725e-01   9.1063260e-02
   6.6020700e-01   8.5387805e-02
   6.7045729e-01   7.7479096e-02
   6.6554658e-01   7.3465444e-02
   6.5482918e-01   6.3217367e-02
   6.6608958e-01   6.8069860e-02
   6.5659414e-01   6.7302580e-02
   6.6019107e-01   5.8525566e-02
   6.5914778e-01   6.3483183e-02
   6.6540074e-01   5.4615154e-02
   6.6653528e-01   4.9452212e-02
   6.6831154e-01   4.7303816e-02
   6.6564142e-01   4.7856030e-02
   6.5758025e-01   5.1130224e-02
   6.5454751e-01   4.5766590e-02
   6.5851511e-01   4.4164961e-02
   6.5223239e-01   4.1109036e-02
   6.6242174e-01   4.2052664e-02
   6.6085084e-01   3.9023165e-02
   6.6742883e-01   3.9470496e-02
   6.6261679e-01   3.3194480e-02
   6.6265924e-01   3.8528234e-02
   6.6743900e-01   3.6356944e-02
   6.6154523e-01   3.7692982e-02
   6.5775826e-01   2.8356882e-02
   6.6667227e-01   3.7533176e-02
   6.6430349e-01   2.8395093e-02
   6.6147100e-01   2.9141013e-02
   6.4898232e-01   3.9575178e-02
   6.6900209e-01   3.8604237e-02
   6.5900449e-01   2.5724999e-02
   6.5037199e-01   3.5894705e-02
   6.4989654e-01   2.6071072e-02
   6.6629302e-01   3.2843044e-02
   6.5821389e-01   2.6085549e-02
   6.7209850e-01   2.8740586e-02
   6.6917487e-01   2.4412943e-02
   6.6129861e-01   2.6004889e-02
   6.7149732e-01   2.6362420e-02
   6.6606870e-01   2.9678960e-02
   6.5244792e-01   3.2373119e-02
   6.7004323e-01   2.8021119e-02
   6.6102076e-01   2.9841375e-02
   6.6401982e-01   3.3252009e-02
   6.5060373e-01   2.5491192e-02
   6.5596298e-01   2.4490871e-02
   6.5539665e-01   3.5799886e-02
   6.5470772e-01   2.7282123e-02
   6.6386338e-01   3.5407160e-02
   6.6058173e-01   3.0814100e-02
   6.6004528e-01   3.3897916e-02
   6.6150406e-01   2.9455798e-02
   6.5372115e-01   3.1116054e-02
   6.6206703e-01   2.5199701e-02
   6.5512080e-01   2.3252063e-02
   6.7101855e-01   3.5128840e-02
   6.6913814e-01   2.5310295e-02
   6.5965273e-01   2.9043025e-02
   6.5393576e-01   2.7150383e-02
   6.5205446e-01   2.6740957e-02
   6.6113661e-01   3.3845381e-02
   6.6042699e-01   3.1525397e-02
   7.9160183e-01   3.5812723e-02
   7.9256411e-01   2.2579124e-02
   8.0381670e-01   2.2636324e-02
   7.9943678e-01   1.8165172e-02
   8.0432435e-01   1.6384147e-02
   7.9593107e-01   1.5126326e-03
   8.1366549e-01  -9.7780510e-03
   8.1457484e-01  -1.3440363e-02
   8.0870085e-01  -2.4213527e-02
   8.0968213e-01  -3.8860681e-02
   8.1130439e-01  -5.3253306e-02
   7.9790558e-01  -6.4005117e-02
   8.0501845e-01  -6.2692130e-02
   8.1040051e-01  -7.6445724e-02
   7.9225149e-01  -8.4651670e-02
   7.9941761e-01  -9.1780645e-02
   8.0797321e-01  -9.5757579e-02
   8.0831056e-01  -9.8572988e-02
   7.9892685e-01  -1.1435351e-01
   8.0417462e-01  -1.1101271e-01
   8.0406548e-01  -1.1183003e-01
   8.1068848e-01  -1.2352451e-01
   8.0533895e-01  -1.2027923e-01
   7.9438594e-01  -1.3430097e-01
   8.1449280e-01  -1.2529624e-01
   7.9353249e-01  -1.2948536e-01
   8.0685167e-01  -1.3985882e-01
   8.1083912e-01  -1.3481348e-01
   8.0249946e-01  -1.4147263e-01
   7.9578637e-01  -1.3683099e-01
   8.0410158e-01  -1.4673005e-01
   7.9297794e-01  -1.4460339e-01
   8.0593719e-01  -1.5451290e-01
   7.9602613e-01  -1.5138174e-01
   8.1291190e-01  -1.5597063e-01
   8.1032032e-01  -1.5599633e-01
   7.9705523e-01  -1.5454485e-01
   8.0929104e-01  -1.5462453e-01
   8.0411600e-01  -1.5523737e-01
   7.9962692e-01  -1.5884565e-01
   8.0608738e-01  -1.5075906e-01
   8.0772663e-01  -1.5534611e-01
   7.9439697e-01  -1.6175658e-01
   7.9432862e-01  -1.5814583e-01
   8.0698652e-01  -1.5156329e-01
   8.0996488e-01  -1.5723684e-01
   7.9110944e-01  -1.5539812e-01
   8.1239357e-01  -1.5732123e-01
   8.0726033e-01  -1.5975910e-01
   8.0277807e-01  -1.5384615e-01
   8.0627530e-01  -1.6158137e-01
   7.9635592e-01  -1.6077695e-01
   8.0034181e-01  -1.6424001e-01
   7.9353511e-01  -1.5912060e-01
   7.9068636e-01  -1.6344952e-01
   8.0359665e-01  -1.5774299e-01
   8.0214242e-01  -1.6205920e-01
   7.9890715e-01  -1.5859938e-01
   7.9982246e-01  -1.6060143e-01
   8.0066159e-01  -1.5681072e-01
   8.0117887e-01  -1.5941741e-01
   7.9172615e-01  -1.6142677e-01
   8.0312002e-01  -1.6356927e-01
   8.0025316e-01  -1.5706666e-01
   7.9709835e-01  -1.5492018e-01
   7.9353330e-01  -1.5819066e-01
   7.9539848e-01  -1.5520976e-01
   8.0044320e-01  -1.5743593e-01
   8.0095792e-01  -1.5654278e-01
  -6.0883728e-01  -1.6593364e-01
  -5.9978715e-01  -1.6333296e-01
  -5.8940627e-01  -1.4535102e-01
  -5.9910561e-01  -1.3240286e-01
  -5.9437400e-01  -9.4699930e-02
  -6.0757214e-01  -6.5750427e-02
  -6.0868109e-01  -2.9690389e-02
  -6.0518630e-01   2.3769916e-03
  -6.0326688e-01   4.3157759e-02
  -5.9577666e-01   7.7950853e-02
  -5.9522881e-01   1.0741383e-01
  -6.0137242e-01   1.3521252e-01
  -6.0931451e-01   1.7477136e-01
  -6.0539875e-01   1.9204994e-01
  -6.0374429e-01   2.2188746e-01
  -5.9481684e-01   2.5059804e-01
  -5.9162691e-01   2.7504618e-01
  -5.9131224e-01   2.9430607e-01
  -6.0747505e-01   3.0694989e-01
  -5.9418201e-01   3.3300100e-01
  -5.8997249e-01   3.5016741e-01
  -6.0528494e-01   3.6385123e-01
  -6.0401278e-01   3.7398867e-01
  -5.9430884e-01   3.9066719e-01
  -5.8868906e-01   3.9508681e-01
  -6.0000031e-01   4.0982511e-01
  -6.0286179e-01   4.1455870e-01
  -6.0424431e-01   4.2528101e-01
  -6.0104915e-01   4.2693707e-01
  -6.0491837e-01   4.3026087e-01
  -5.9429404e-01   4.4740064e-01
  -6.1142581e-01   4.5035219e-01
  -6.0682602e-01   4.4619619e-01
  -5.9416336e-01   4.6024480e-01
  -5.8904114e-01   4.5411164e-01
  -6.0269510e-01   4.6196630e-01
  -6.0859381e-01   4.6277988e-01
  -6.0527226e-01   4.7245553e-01
  -6.0631925e-01   4.7752917e-01
  -6.0300589e-01   4.7399455e-01
  -6.0778723e-01   4.8309651e-01
  -5.9051165e-01   4.7297673e-01
  -6.1107313e-01   4.7426217e-01
  -5.9787311e-01   4.8219208e-01
  -5.9596899e-01   4.8493200e-01
  -6.0981454e-01   4.9194049e-01
  -5.9243766e-01   4.8165052e-01
  -6.0103673e-01   4.9362673e-01
  -5.9105697e-01   4.8591931e-01
  -5.9402690e-01   4.9219926e-01
  -6.0193716e-01   4.9023516e-01
  -6.1093879e-01   4.8545410e-01
  -5.8938893e-01   4.8775819e-01
  -6.0681146e-01   4.9454164e-01
  -6.0598789e-01   4.8723872e-01
  -5.9785306e-01   4.9067192e-01
  -5.8850645e-01   4.8872889e-01
  -5.9460591e-01   4.9922954e-01
  -6.1025462e-01   4.9443460e-01
  -5.9029776e-01   4.9278385e-01
  -6.1047214e-01   4.9294986e-01
  -6.0551580e-01   4.9515744e-01
  -6.0022267e-01   4.9418668e-01
  -5.9777797e-01   5.0094252e-01
  -5.8908230e-01   4.9303996e-01
  -5.8904543e-01   4.9907268e-01
  -6.0836527e-01   5.0150034e-01
  -5.9400974e-01   4.9380328e-01
  -5.9396869e-01   4.9169928e-01
   9.4910884e-01   4.9051761e-01
   9.5089860e-01   5.0082605e-01
   9.5146327e-01   4.7096704e-01
   9.5739836e-01   4.4010196e-01
   9.4037391e-01   3.9664188e-01
   9.4559034e-01   3.6227117e-01
   9.5756308e-01   3.0963497e-01
   9.5265246e-01   2.4996142e-01
   9.3938241e-01   1.9931085e-01
   9.3537563e-01   1.4913732e-01
   9.3795451e-01   1.0633734e-01
   9.3874300e-01   5.8746635e-02
   9.4041137e-01   1.6191622e-02
   9.4276329e-01  -2.5991674e-02
   9.4972584e-01  -5.9511897e-02
   9.4122122e-01  -9.2520273e-02
   9.3840593e-01  -1.3598972e-01
   9.4155788e-01  -1.5874065e-01
   9.3611099e-01  -1.8237199e-01
   9.4622307e-01  -2.1944016e-01
   9.5160423e-01  -2.3228359e-01
   9.3814201e-01  -2.6391248e-01
   9.3392134e-01  -2.8344263e-01
   9.5210769e-01  -2.9587127e-01
   9.4240093e-01  -3.1291426e-01
   9.3561318e-01  -3.2161733e-01
   9.5142468e-01  -3.3297992e-01
   9.3518625e-01  -3.5185833e-01
   9.4195386e-01  -3.6619402e-01
   9.4695463e-01  -3.7017125e-01
   9.4647317e-01  -3.7914969e-01
   9.4814062e-01  -3.8516046e-01
   9.4716625e-01  -3.8869306e-01
   9.5458832e-01  -4.0111128e-01
   9.3828258e-01  -4.1113533e-01
   9.3960395e-01  -4.0880184e-01
   9.4750074e-01  -4.2213889e-01
   9.5117944e-01  -4.1706144e-01
   9.3757240e-01  -4.2501749e-01
   9.4982697e-01  -4.2959424e-01
   9.4456849e-01  -4.2890480e-01
   9.4475600e-01  -4.3449244e-01
   9.4400636e-01  -4.2961995e-01
   9.4670730e-01  -4.3372370e-01
   9.4064226e-01  -4.3390585e-01
   9.3500449e-01  -4.4225210e-01
   9.4455040e-01  -4.4277691e-01
   9.4712679e-01  -4.3986869e-01
   9.5518878e-01  -4.4991738e-01
   9.4840416e-01  -4.4925181e-01
   9.4057372e-01  -4.5430453e-01
   9.4613061e-01  -4.4302040e-01
   9.4899373e-01  -4.5184398e-01
   9.5722059e-01  -4.5783991e-01
   9.5449941e-01  -4.5285993e-01
   9.4061910e-01  -4.5292197e-01
   9.4406176e-01  -4.5361128e-01
   9.4387322e-01  -4.5759215e-01
   9.5031258e-01  -4.5854989e-01
   9.4980771e-01  -4.5328469e-01
   9.4519819e-01  -4.5042714e-01
   9.5229893e-01  -4.4870659e-01
   9.4091922e-01  -4.5620083e-01
   9.4835033e-01  -4.5413989e-01
   9.5210860e-01  -4.5939544e-01
   9.5498497e-01  -4.6266575e-01
   9.4238579e-01  -4.6143883e-01
   9.3674493e-01  -4.5820473e-01
   9.4514269e-01  -4.6094773e-01
   5.7491283e-01  -4.5668355e-01
   5.6623069e-01  -4.5266363e-01
   5.6754486e-01  -4.5180218e-01
   5.7465281e-01  -4.2379106e-01
   5.5247973e-01  -3.9905671e-01
   5.6669448e-01  -3.8057540e-01
   5.5336320e-01  -3.3926190e-01
   5.6341108e-01  -3.1930895e-01
   5.6836329e-01  -2.8356539e-01
   5.7375650e-01  -2.6156511e-01
   5.6046403e-01  -2.3397934e-01
   5.7304547e-01  -1.9332692e-01
   5.5872647e-01  -1.7132149e-01
   5.5305734e-01  -1.5521508e-01
   5.5490418e-01  -1.2445112e-01
   5.5778928e-01  -1.1075064e-01
   5.6361940e-01  -9.2487183e-02
   5.5492518e-01  -6.6852429e-02
   5.5533580e-01  -5.2323468e-02
   5.5789133e-01  -3.2821140e-02
   5.6881154e-01  -2.2377334e-02
   5.5805393e-01  -1.0055057e-02
   5.7004272e-01  -1.2103836e-03
   5.7516494e-01   1.1562728e-02
   5.6655254e-01   2.0680458e-02
   5.6302659e-01   3.0555944e-02
   5.5778495e-01   2.9587439e-02
   5.7154262e-01   4.6387453e-02
   5.7113993e-01   4.5217332e-02
   5.7221910e-01   5.4740562e-02
   5.6997296e-01   5.5526195e-02
   5.7296306e-01   6.1467399e-02
   5.6898716e-01   6.8137245e-02
   5.7297811e-01   7.5171739e-02
   5.6389509e-01   7.7481212e-02
   5.5223937e-01   7.6343526e-02
   5.6007955e-01   7.8032507e-02
   5.6776597e-01   8.5591294e-02
   5.5568229e-01   7.8309546e-02
   5.5641883e-01   7.8636907e-02
   5.5728418e-01   8.7651147e-02
   5.6509066e-01   9.2910898e-02
   5.6301823e-01   8.8026439e-02
   5.5541870e-01   9.2000670e-02
   5.7111546e-01   8.8057264e-02
   5.6551191e-01   9.2690278e-02
   5.5740726e-01   9.8449174e-02
   5.5525800e-01   9.4311027e-02
   5.7178525e-01   9.2702336e-02
   5.6828068e-01   1.0183549e-01
   5.5820409e-01   1.0299611e-01
   5.5725643e-01   1.0306817e-01
   5.6685287e-01   1.0082308e-01
   5.5747531e-01   9.8985772e-02
   5.6731949e-01   9.8282894e-02
   5.7341591e-01   1.0712989e-01
   5.5323980e-01   1.0466241e-01
   5.6018497e-01   1.0669911e-01
   5.7383304e-01   1.0473894e-01
   5.7466634e-01   1.0800480e-01
   5.5498651e-01   9.8361380e-02
   5.6750481e-01   1.0540213e-01
   5.5471638e-01   9.9424498e-02
   5.6367000e-01   1.0545244e-01
   5.6775362e-01   1.0066887e-01
   5.6621016e-01   1.0473005e-01
   5.5502744e-01   1.0595094e-01
   5.6713232e-01   1.0581664e-01
   5.5651220e-01   1.0341345e-01
  -3.0826932e-01   9.8244957e-02
  -3.0413836e-01   1.0839290e-01
  -3.0552477e-01   9.8892186e-02
  -3.1019760e-01   9.4698755e-02
  -3.1161280e-01   9.9233786e-02
  -2.9723754e-01   8.0309985e-02
  -3.0689550e-01   7.6571216e-02
  -2.9725930e-01   7.8468812e-02
  -3.0486910e-01   6.2927277e-02
  -3.1135837e-01   6.9307183e-02
  -3.0874032e-01   6.2933668e-02
  -3.0840428e-01   4.5805911e-02
  -2.9878606e-01   5.3510516e-02
  -3.1583835e-01   3.7553587e-02
  -2.9734723e-01   4.2154513e-02
  -3.0691046e-01   3.2650801e-02
  -3.1803631e-01   3.6179261e-02
  -3.1246237e-01   3.3474081e-02
  -3.1554024e-01   2.8940156e-02
  -3.0680091e-01   2.6660418e-02
  -3.1001630e-01   2.1824329e-02
  -3.1920209e-01   1.4739156e-02
  -3.0339787e-01   1.5986844e-02
  -3.0267934e-01   1.7281949e-02
  -3.1214680e-01   8.9724141e-03
  -3.1110435e-01   5.4954773e-03
  -3.1760339e-01   3.9860276e-03
  -3.0860910e-01  -1.0469191e-03
  -2.9606432e-01   4.8994020e-03
  -2.9927862e-01   4.1790493e-04
  -3.1911575e-01  -3.2504225e-03
  -3.0739361e-01  -1.3181475e-03
  -3.0617595e-01  -5.9029633e-03
  -3.1632286e-01  -1.8807376e-03
  -3.1364658e-01   3.0148708e-03
  -3.1090615e-01  -2.2611327e-04
  -3.0914363e-01  -3.7733183e-03
  -3.0979267e-01   3.6827530e-03
  -3.0552944e-01  -2.3974533e-03
  -3.1623750e-01  -3.7231332e-03
  -2.9713843e-01  -1.0805263e-02
  -3.0634035e-01  -1.9270040e-03
  -3.0236904e-01  -2.6193255e-03
  -3.1815680e-01   1.2835904e-03
  -3.0741953e-01  -8.2144859e-03
  -3.0695361e-01  -9.2219685e-03
  -3.0894373e-01   6.2175957e-04
  -3.1114496e-01  -5.3396462e-03
  -3.0878174e-01  -1.1079960e-02
  -3.1688210e-01  -1.1362245e-02
  -3.1205187e-01  -1.1615657e-02
  -3.1638651e-01  -1.1806420e-02
  -3.0343517e-01   5.6432424e-05
  -2.9750954e-01  -1.2376723e-02
  -3.0050625e-01  -1.0668722e-02
  -3.0573005e-01  -2.5261662e-03
  -3.1522705e-01  -1.5047707e-03
  -3.0384141e-01  -7.3050343e-03
  -3.1094237e-01  -1.2560462e-02
  -2.9655093e-01  -7.2790016e-03
  -3.1176138e-01  -1.2889008e-02
  -2.9652069e-01  -1.3391696e-02
  -2.9581025e-01  -3.2854049e-04
  -3.1369718e-01  -8.4320263e-04
  -3.1704710e-01  -6.5987007e-03
  -3.0235517e-01  -7.1565880e-03
  -3.0555600e-01  -1.2304644e-02
  -3.1573720e-01  -7.4362715e-03
  -3.0008168e-01  -2.8462567e-03
   7.8857763e-01  -1.2254231e-02
   7.8706161e-01  -6.3815151e-03
   7.9017525e-01  -1.4045328e-02
   7.8801182e-01  -1.1147272e-02
   8.0920435e-01  -1.8575074e-02
   7.9002815e-01  -3.1492959e-02
   8.0322521e-01  -4.2285340e-02
   7.9363993e-01  -3.9490436e-02
   7.9251295e-01  -4.6480876e-02
   7.9542657e-01  -5.9243761e-02
   7.8981619e-01  -6.5274609e-02
   8.0971960e-01  -8.0110015e-02
   8.0877502e-01  -7.5817214e-02
   7.9860937e-01  -9.3067546e-02
   7.9794620e-01  -1.0100431e-01
   8.0787603e-01  -9.7057655e-02
   8.0204394e-01  -1.0444500e-01
   7.9476617e-01  -1.1551925e-01
   7.9789004e-01  -1.1130421e-01
   8.0838880e-01  -1.2120762e-01
   8.0637712e-01  -1.1691090e-01
   8.0801130e-01  -1.2638616e-01
   7.9133700e-01  -1.2458632e-01
   8.0823374e-01  -1.2872057e-01
   7.9159383e-01  -1.2797362e-01
   8.0957001e-01  -1.3873831e-01
   7.9410945e-01  -1.3995840e-01
   7.9207235e-01  -1.3433300e-01
   7.9163542e-01  -1.4384183e-01
   7.8920127e-01  -1.3667015e-01
   7.9371131e-01  -1.4137700e-01
   7.9554410e-01  -1.4198626e-01
   8.0683950e-01  -1.3907702e-01
   8.0725700e-01  -1.4828284e-01
   7.9325891e-01  -1.4903414e-01
   7.9053918e-01  -1.4789164e-01
   8.0975735e-01  -1.4200552e-01
   7.9468753e-01  -1.4826728e-01
   8.0699408e-01  -1.4285116e-01
   8.0209184e-01  -1.4760085e-01
   7.8790604e-01  -1.4735874e-01
   8.0369774e-01  -1.4643133e-01
   8.0903081e-01  -1.4892092e-01
   8.0303697e-01  -1.4651937e-01
   7.9436066e-01  -1.5498582e-01
   8.1072814e-01  -1.4987793e-01
   8.0534871e-01  -1.4852084e-01
   8.0723699e-01  -1.5642312e-01
   8.0890693e-01  -1.4780983e-01
   7.9203275e-01  -1.5791823e-01
   7.9638843e-01  -1.5554626e-01
   7.8816540e-01  -1.5601760e-01
   8.0422434e-01  -1.5066087e-01
   8.0445703e-01  -1.4980095e-01
   8.0666151e-01  -1.4793666e-01
   7.9838427e-01  -1.5965929e-01
   8.0819162e-01  -1.5287216e-01
   7.9002312e-01  -1.4796274e-01
   8.0091632e-01  -1.6097969e-01
   8.0956778e-01  -1.6094907e-01
   7.8979000e-01  -1.6087610e-01
   7.9406732e-01  -1.4861139e-01
   7.9669806e-01  -1.6000457e-01
   8.0622996e-01  -1.6098295e-01
   7.9311465e-01  -1.5892599e-01
   7.9811898e-01  -1.5508923e-01
   7.9945432e-01  -1.5376731e-01
   8.1038789e-01  -1.5209484e-01
   7.9389277e-01  -1.5583544e-01
  -4.7818104e-01  -1.4961407e-01
  -4.5895797e-01  -1.6013012e-01
  -4.5598956e-01  -1.4648984e-01
  -4.7126790e-01  -1.3929084e-01
  -4.7537727e-01  -1.2200396e-01
  -4.5965238e-01  -1.0160555e-01
  -4.7791709e-01  -8.7119225e-02
  -4.5585485e-01  -6.9580175e-02
  -4.5676768e-01  -5.6543246e-02
  -4.6536331e-01  -3.0314946e-02
  -4.7645540e-01  -1.8582559e-02
  -4.7273606e-01  -2.0749608e-03
  -4.7180173e-01   1.3415111e-02
  -4.7765750e-01   2.0584754e-02
  -4.6038643e-01   3.7384899e-02
  -4.6871991e-01   5.4636681e-02
  -4.5912232e-01   6.3349149e-02
  -4.5864168e-01   6.7693723e-02
  -4.6970253e-01   8.5922301e-02
  -4.6692205e-01   9.6639590e-02
  -4.6129080e-01   1.0443045e-01
  -4.7505489e-01   1.1322998e-01
  -4.7243455e-01   1.1376156e-01
  -4.7256907e-01   1.2397356e-01
  -4.6218282e-01   1.2086623e-01
  -4.5883760e-01   1.2997890e-01
  -4.5474996e-01   1.3466899e-01
  -4.6818402e-01   1.3244815e-01
  -4.7561245e-01   1.4075461e-01
  -4.7157139e-01   1.5103818e-01
  -4.5661939e-01   1.5330135e-01
  -4.7319201e-01   1.5571150e-01
  -4.6075035e-01   1.5896815e-01
  -4.7856865e-01   1.6222726e-01
  -4.7100312e-01   1.5935554e-01
  -4.6953219e-01   1.6364329e-01
  -4.7576388e-01   1.5779551e-01
  -4.7530487e-01   1.5698505e-01
  -4.5546739e-01   1.6708771e-01
  -4.5848697e-01   1.6733589e-01
  -4.7717070e-01   1.7085504e-01
  -4.7001863e-01   1.7446269e-01
  -4.7838756e-01   1.6274066e-01
  -4.7099421e-01   1.6607160e-01
  -4.6875630e-01   1.7143865e-01
  -4.6336583e-01   1.6774830e-01
  -4.6028682e-01   1.7678898e-01
  -4.6207026e-01   1.7703841e-01
  -4.6103153e-01   1.7346064e-01
  -4.6698303e-01   1.6946742e-01
  -4.7138607e-01   1.6715251e-01
  -4.5708773e-01   1.8010783e-01
  -4.5727876e-01   1.7067362e-01
  -4.7255405e-01   1.7625269e-01
  -4.6138466e-01   1.7273426e-01
  -4.6425390e-01   1.7731296e-01
  -4.7614842e-01   1.7966819e-01
  -8.9189580e-01   1.7194505e-01
